auto-66
t	step	pixel_{x}	pixel_{y}
76.56	319	-44.092	769.103
76.8	320	25.205	773.345
77.04	321	104.401	771.931
77.28	322	172.283	771.931
77.52	323	238.751	771.931
77.76	324	282.592	771.931
78	325	326.432	767.688
78.24	326	367.445	766.274
78.48	327	402.8	766.274
78.72	328	426.841	766.274
78.96	329	443.812	766.274
79.2	330	457.954	766.274
79.44	331	470.682	766.274
79.68	332	481.996	764.86
79.92	333	487.653	764.86
80.16	334	493.31	766.274
80.4	335	494.724	766.274
80.64	336	494.724	766.274
80.88	337	494.724	766.274
81.12	338	494.724	766.274
81.36	339	494.724	766.274
81.6	340	494.724	766.274
81.84	341	494.724	766.274
82.08	342	494.724	766.274
82.32	343	498.966	766.274
82.56	344	503.209	766.274
82.8	345	511.694	766.274
83.04	346	524.422	766.274
83.28	347	542.807	766.274
83.52	348	571.091	763.446
83.76	349	599.376	763.446
84	350	634.731	762.032
84.24	351	678.572	759.203
84.48	352	723.826	759.203
84.72	353	778.981	756.375
84.96	354	839.792	753.546
85.2	355	899.189	750.718
85.44	356	961.414	745.061
85.68	357	1,037.782	742.233
85.92	358	1,115.563	736.576
86.16	359	1,190.517	730.919
86.4	360	1,261.227	728.09
86.64	361	1,336.181	722.434
86.88	362	1,404.063	719.605
87.12	363	1,469.117	709.706
87.36	364	1,548.313	705.463
87.6	365	1,621.852	696.978
87.84	366	1,702.462	691.321
88.08	367	1,781.658	687.078
88.32	368	1,856.611	680.007
88.56	369	1,942.878	667.279
