auto-58
t	step	pixel_{x}	pixel_{y}
40.56	169	1,923.84	429.127
40.8	170	1,896.121	434.167
41.04	171	1,865.883	436.686
41.28	172	1,830.605	439.206
41.52	173	1,807.927	442.986
41.76	174	1,786.508	446.766
42	175	1,762.57	449.286
42.24	176	1,737.371	454.325
42.48	177	1,718.472	455.585
42.72	178	1,707.133	461.885
42.96	179	1,689.494	470.704
43.2	180	1,678.155	475.744
43.44	181	1,676.895	489.603
43.68	182	1,673.115	498.423
43.92	183	1,683.195	514.802
44.16	184	1,699.574	528.661
44.4	185	1,722.252	546.3
44.64	186	1,753.75	565.198
44.88	187	1,806.667	591.657
45.12	188	1,860.844	614.335
45.36	189	1,945.258	637.014
