auto-62
t	step	pixel_{x}	pixel_{y}
59.52	248	1,961.263	573.941
59.76	249	1,920.251	572.527
60	250	1,870.754	565.456
60.24	251	1,808.528	548.485
60.48	252	1,751.96	532.929
60.72	253	1,699.634	521.615
60.96	254	1,647.308	513.13
61.2	255	1,590.739	497.574
61.44	256	1,549.727	494.745
61.68	257	1,495.987	484.846
61.92	258	1,452.146	474.946
62.16	259	1,408.306	467.875
62.4	260	1,355.98	457.976
62.64	261	1,323.453	450.905
62.88	262	1,289.512	448.076
63.12	263	1,249.914	442.419
63.36	264	1,203.245	436.762
63.6	265	1,155.161	432.52
63.84	266	1,119.806	422.62
64.08	267	1,071.723	422.62
64.32	268	1,022.225	422.62
64.56	269	976.971	421.206
64.8	270	931.716	421.206
65.04	271	889.289	419.792
65.28	272	845.449	416.963
65.52	273	790.294	415.549
65.76	274	749.282	415.549
66	275	679.986	415.549
66.24	276	626.246	416.963
66.48	277	571.091	415.549
66.72	278	517.351	412.721
66.96	279	470.682	412.721
67.2	280	415.528	411.307
67.44	281	351.888	412.721
67.68	282	288.249	411.307
67.92	283	231.68	411.307
68.16	284	173.697	411.307
68.4	285	111.472	411.307
68.64	286	35.104	416.963
68.88	287	-20.05	418.378
