auto-50
t	step	pixel_{x}	pixel_{y}
29.04	121	1,930.139	402.039
29.28	122	1,870.923	405.818
29.52	123	1,801.627	407.078
29.76	124	1,732.332	409.598
30	125	1,655.476	413.378
30.24	126	1,573.582	417.158
30.48	127	1,501.766	419.678
30.72	128	1,416.091	418.418
30.96	129	1,330.417	424.717
31.2	130	1,237.183	422.197
31.44	131	1,132.609	431.017
31.68	132	1,046.935	432.277
31.92	133	948.661	434.797
32.16	134	841.567	432.277
32.4	135	720.615	431.017
32.64	136	612.262	433.537
32.88	137	510.208	432.277
33.12	138	389.256	434.797
33.36	139	275.863	438.576
33.6	140	173.809	437.316
33.84	141	42.777	438.576
34.08	142	-21.478	437.316
