auto-69
t	step	pixel_{x}	pixel_{y}
83.52	348	-28.535	784.659
83.76	349	12.477	783.245
84	350	63.389	781.831
84.24	351	117.129	777.588
84.48	352	165.212	776.174
84.72	353	230.266	774.759
84.96	354	282.592	773.345
85.2	355	349.06	769.103
85.44	356	414.114	769.103
85.68	357	483.41	764.86
85.92	358	558.363	762.032
86.16	359	633.317	760.617
86.4	360	715.341	753.546
86.64	361	788.88	749.304
86.88	362	866.662	747.889
87.12	363	950.101	742.233
87.36	364	1,039.196	737.99
87.6	365	1,128.291	732.333
87.84	366	1,199.002	728.09
88.08	367	1,290.926	725.262
88.32	368	1,367.294	718.191
88.56	369	1,460.632	706.877
88.8	370	1,535.585	702.635
89.04	371	1,599.225	699.806
89.28	372	1,677.006	685.664
89.52	373	1,751.96	681.421
89.76	374	1,846.712	674.35
90	375	1,927.322	668.693
