auto-47
t	step	pixel_{x}	pixel_{y}
24.48	102	1,938.959	384.4
24.72	103	1,898.641	384.4
24.96	104	1,845.724	386.92
25.2	105	1,787.768	388.18
25.44	106	1,719.732	391.959
25.68	107	1,659.256	391.959
25.92	108	1,610.119	390.699
26.16	109	1,535.784	395.739
26.4	110	1,482.867	394.479
26.64	111	1,404.752	400.779
26.88	112	1,351.835	402.039
27.12	113	1,280.02	399.519
27.36	114	1,218.284	405.818
27.6	115	1,132.609	405.818
27.84	116	1,064.573	404.558
28.08	117	967.56	405.818
28.32	118	903.304	403.299
28.56	119	813.849	408.338
28.8	120	716.835	409.598
29.04	121	619.821	408.338
29.28	122	530.367	413.378
29.52	123	434.613	409.598
29.76	124	335.079	410.858
30	125	221.686	414.638
30.24	126	130.972	417.158
30.48	127	38.998	417.158
30.72	128	-27.778	413.378
