auto-16
t	step	pixel_{x}	pixel_{y}
4.32	18	1,928.407	382.311
4.56	19	1,855.353	385.875
4.8	20	1,789.427	387.656
5.04	21	1,702.119	387.656
5.28	22	1,625.501	387.656
5.52	23	1,552.448	391.22
5.76	24	1,475.83	389.438
6	25	1,386.74	389.438
6.24	26	1,281.614	398.347
6.48	27	1,196.088	391.22
6.72	28	1,098.089	405.474
6.96	29	991.181	407.256
7.2	30	893.183	407.256
7.44	31	780.929	405.474
7.68	32	645.513	403.692
7.92	33	526.132	417.947
8.16	34	422.788	414.383
8.4	35	289.153	407.256
8.64	36	160.864	410.82
8.88	37	23.665	403.692
9.12	38	-56.515	407.256
