auto-38
t	step	pixel_{x}	pixel_{y}
19.44	81	1,934.664	407.452
19.68	82	1,860.056	412.214
19.92	83	1,779.099	412.214
20.16	84	1,701.316	416.976
20.4	85	1,618.771	421.739
20.64	86	1,537.814	424.913
20.88	87	1,452.094	429.676
21.12	88	1,358.438	434.438
21.36	89	1,253.669	431.263
21.6	90	1,166.362	428.088
21.84	91	1,055.244	428.088
22.08	92	952.063	429.676
22.32	93	848.882	434.438
22.56	94	715.54	436.025
22.8	95	583.786	437.613
23.04	96	448.857	436.025
23.28	97	342.501	437.613
23.52	98	247.257	436.025
23.76	99	153.6	436.025
24	100	66.293	436.025
24.24	101	-9.902	437.613
