auto-39
t	step	pixel_{x}	pixel_{y}
20.4	85	1,926.727	386.816
20.64	86	1,853.707	388.403
20.88	87	1,793.386	394.753
21.12	88	1,736.239	391.578
21.36	89	1,661.631	396.34
21.6	90	1,591.786	396.34
21.84	91	1,528.29	401.102
22.08	92	1,460.031	404.277
22.32	93	1,379.074	405.865
22.56	94	1,309.228	405.865
22.8	95	1,233.033	405.865
23.04	96	1,150.488	407.452
23.28	97	1,067.943	409.039
23.52	98	993.335	407.452
23.76	99	879.043	413.802
24	100	801.26	413.802
24.24	101	699.666	413.802
24.48	102	609.184	416.976
24.72	103	506.003	416.976
24.96	104	415.521	415.389
25.2	105	326.627	412.214
25.44	106	225.033	412.214
25.68	107	140.901	413.802
25.92	108	83.755	415.389
26.16	109	13.909	413.802
26.4	110	-48	410.627
