auto-33
t	step	pixel_{x}	pixel_{y}
15.84	66	1,923.552	404.277
16.08	67	1,867.993	409.039
16.32	68	1,774.337	409.039
16.56	69	1,674.33	412.214
16.8	70	1,583.849	416.976
17.04	71	1,494.954	420.151
17.28	72	1,396.535	418.564
17.52	73	1,296.529	423.326
17.76	74	1,174.299	420.151
18	75	1,066.356	424.913
18.24	76	953.65	424.913
18.48	77	826.658	431.263
18.72	78	698.079	431.263
18.96	79	572.674	439.2
19.2	80	432.983	436.025
19.44	81	307.578	436.025
19.68	82	198.047	432.85
19.92	83	104.391	436.025
20.16	84	20.259	436.025
20.4	85	-52.762	436.025
