auto-67
t	step	pixel_{x}	pixel_{y}
77.04	321	-24.293	675.765
77.28	322	43.59	675.765
77.52	323	98.744	672.936
77.76	324	148.241	667.279
78	325	197.739	670.108
78.24	326	237.337	668.693
78.48	327	274.106	668.693
78.72	328	308.048	667.279
78.96	329	333.503	665.865
79.2	330	351.888	665.865
79.44	331	375.93	664.451
79.68	332	388.658	664.451
79.92	333	407.042	664.451
80.16	334	418.356	663.037
80.4	335	431.084	663.037
80.64	336	442.398	664.451
80.88	337	457.954	664.451
81.12	338	466.439	664.451
81.36	339	477.753	664.451
81.6	340	494.724	664.451
81.84	341	525.836	663.037
82.08	342	552.706	663.037
82.32	343	590.89	663.037
82.56	344	637.559	660.208
82.8	345	681.4	658.794
83.04	346	735.14	657.38
83.28	347	788.88	654.551
83.52	348	852.52	653.137
83.76	349	904.846	648.894
84	350	969.899	647.48
84.24	351	1,022.225	644.652
84.48	352	1,083.037	643.238
84.72	353	1,153.747	640.409
84.96	354	1,210.316	636.167
85.2	355	1,258.399	630.51
85.44	356	1,312.139	626.267
85.68	357	1,367.294	622.024
85.92	358	1,429.519	617.782
86.16	359	1,487.502	610.711
86.4	360	1,549.727	609.296
86.64	361	1,602.053	605.054
86.88	362	1,662.864	600.811
87.12	363	1,720.847	596.569
87.36	364	1,792.972	586.669
87.6	365	1,855.197	588.083
87.84	366	1,925.908	582.426
