auto-64
t	step	pixel_{x}	pixel_{y}
69.12	288	-59.648	685.664
69.36	289	12.477	689.907
69.6	290	107.229	687.078
69.84	291	199.153	682.836
70.08	292	276.935	684.25
70.32	293	340.574	680.007
70.56	294	404.214	675.765
70.8	295	457.954	675.765
71.04	296	524.422	672.936
71.28	297	571.091	668.693
71.52	298	619.175	670.108
71.76	299	657.358	667.279
72	300	687.057	664.451
72.24	301	706.856	664.451
72.48	302	722.412	663.037
72.72	303	735.14	663.037
72.96	304	743.625	661.622
73.2	305	747.868	661.622
73.44	306	750.696	661.622
73.68	307	754.939	661.622
73.92	308	760.596	661.622
74.16	309	764.839	660.208
74.4	310	770.495	660.208
74.64	311	776.152	660.208
74.88	312	780.395	660.208
75.12	313	783.223	660.208
75.36	314	783.223	660.208
75.6	315	783.223	660.208
75.84	316	783.223	660.208
76.08	317	783.223	660.208
76.32	318	783.223	660.208
76.56	319	783.223	660.208
76.8	320	783.223	660.208
77.04	321	783.223	660.208
77.28	322	783.223	660.208
77.52	323	781.809	660.208
77.76	324	781.809	660.208
78	325	781.809	660.208
78.24	326	781.809	660.208
78.48	327	781.809	660.208
78.72	328	781.809	660.208
78.96	329	780.395	660.208
79.2	330	780.395	660.208
79.44	331	783.223	660.208
79.68	332	791.709	660.208
79.92	333	811.508	660.208
80.16	334	827.064	658.794
80.4	335	855.348	655.966
80.64	336	899.189	653.137
80.88	337	938.787	650.309
81.12	338	999.598	650.309
81.36	339	1,058.995	646.066
81.6	340	1,116.978	644.652
81.84	341	1,186.274	638.995
82.08	342	1,255.571	637.581
82.32	343	1,324.867	633.338
82.56	344	1,392.749	626.267
82.8	345	1,457.803	620.61
83.04	346	1,534.171	617.782
83.28	347	1,600.639	612.125
83.52	348	1,691.148	602.225
83.76	349	1,759.031	597.983
84	350	1,839.641	592.326
84.24	351	1,916.008	585.255
84.48	352	1,993.79	579.598
