auto-6
t	step	pixel_{x}	pixel_{y}
0	0	1,822.416	385.66
0.24	1	1,761.94	390.699
0.48	2	1,698.944	395.739
0.72	3	1,632.168	391.959
0.96	4	1,561.612	395.739
1.2	5	1,492.317	394.479
1.44	6	1,410.422	400.779
1.68	7	1,323.487	400.779
1.92	8	1,250.412	403.299
2.16	9	1,172.297	404.558
2.4	10	1,090.402	404.558
2.64	11	979.529	404.558
2.88	12	902.674	404.558
3.12	13	811.959	402.039
3.36	14	714.945	403.299
3.6	15	615.412	403.299
3.84	16	510.838	402.039
4.08	17	397.445	404.558
4.32	18	296.652	404.558
4.56	19	188.298	402.039
4.8	20	86.245	404.558
5.04	21	-14.549	402.039
