auto-65
t	step	pixel_{x}	pixel_{y}
72.48	302	-52.577	786.073
72.72	303	59.146	783.245
72.96	304	183.597	779.002
73.2	305	295.32	776.174
73.44	306	404.214	770.517
73.68	307	506.037	769.103
73.92	308	582.405	759.203
74.16	309	640.388	756.375
74.4	310	691.299	753.546
74.64	311	732.312	750.718
74.88	312	763.424	749.304
75.12	313	773.324	746.475
75.36	314	776.152	746.475
75.6	315	776.152	746.475
75.84	316	776.152	746.475
76.08	317	776.152	746.475
76.32	318	776.152	746.475
76.56	319	776.152	746.475
76.8	320	776.152	746.475
77.04	321	776.152	746.475
77.28	322	776.152	746.475
77.52	323	776.152	746.475
77.76	324	776.152	746.475
78	325	776.152	746.475
78.24	326	776.152	746.475
78.48	327	776.152	746.475
78.72	328	776.152	746.475
78.96	329	776.152	746.475
79.2	330	776.152	746.475
79.44	331	776.152	746.475
79.68	332	776.152	746.475
79.92	333	786.052	746.475
80.16	334	794.537	746.475
80.4	335	812.922	745.061
80.64	336	839.792	742.233
80.88	337	883.632	739.404
81.12	338	935.958	739.404
81.36	339	993.941	732.333
81.6	340	1,057.581	729.505
81.84	341	1,126.877	723.848
82.08	342	1,203.245	718.191
82.32	343	1,290.926	711.12
82.56	344	1,371.536	706.877
82.8	345	1,450.732	701.22
83.04	346	1,536.999	695.563
83.28	347	1,611.952	688.492
83.52	348	1,699.634	681.421
83.76	349	1,770.344	671.522
84	350	1,836.812	667.279
84.24	351	1,908.937	663.037
84.48	352	1,989.547	654.551
