auto-55
t	step	pixel_{x}	pixel_{y}
38.4	160	1,932.659	406.448
38.64	161	1,864.623	416.528
38.88	162	1,787.768	421.567
39.12	163	1,698.314	425.347
39.36	164	1,622.718	430.387
39.6	165	1,537.044	430.387
39.84	166	1,438.77	431.647
40.08	167	1,353.095	434.167
40.32	168	1,244.742	436.686
40.56	169	1,146.468	436.686
40.8	170	1,040.635	444.246
41.04	171	919.683	441.726
41.28	172	783.611	440.466
41.52	173	660.139	445.506
41.76	174	529.107	445.506
42	175	399.335	446.766
42.24	176	258.224	446.766
42.48	177	96.954	446.766
42.72	178	-29.038	449.286
