auto-63
t	step	pixel_{x}	pixel_{y}
57.84	241	-63.891	968.507
58.08	242	5.406	962.85
58.32	243	35.104	957.193
58.56	244	124.2	957.193
58.8	245	203.396	952.95
59.04	246	295.019	950.666
59.28	247	366.453	947.941
59.52	248	427.871	942.534
59.76	249	494.186	935.914
60	250	564.175	925.217
60.24	251	613.998	920.493
60.48	252	653.839	917.044
60.72	253	688.752	915.019
60.96	254	711.65	910.748
61.2	255	735.521	908.947
61.44	256	745.447	906.908
61.68	257	753.875	906.958
61.92	258	761.57	906.768
62.16	259	767.909	905.233
62.4	260	769.716	906.756
62.64	261	771.422	907.205
62.88	262	771.459	906.999
63.12	263	771.615	907.117
63.36	264	771.648	907.11
63.6	265	771.598	908.616
63.84	266	771.557	908.82
64.08	267	771.377	908.551
64.32	268	771.398	908.653
64.56	269	771.393	908.638
64.8	270	771.643	909.114
65.04	271	771.554	909.033
65.28	272	771.469	908.821
65.52	273	771.593	909.083
65.76	274	771.573	909.054
66	275	771.562	909.037
66.24	276	771.603	909.12
66.48	277	771.594	909.113
66.72	278	771.472	908.818
66.96	279	771.52	908.99
67.2	280	771.514	908.985
67.44	281	771.508	908.98
67.68	282	771.702	909.435
67.92	283	771.631	909.305
68.16	284	771.652	909.32
68.4	285	771.449	908.888
68.64	286	771.479	908.938
68.88	287	771.495	908.95
69.12	288	771.51	908.958
69.36	289	771.51	908.958
69.6	290	771.51	908.958
69.84	291	771.51	908.958
70.08	292		910.812
70.32	293	765.224	893.753
70.56	294	765.378	893.824
70.8	295	765.367	894.083
71.04	296	765.407	894.086
71.28	297	765.464	893.877
71.52	298	765.44	893.331
71.76	299	765.445	893.179
72	300	765.492	892.847
72.24	301	765.48	892.864
72.48	302	765.504	892.904
72.72	303	765.478	892.885
72.96	304	765.468	892.889
73.2	305	765.461	892.888
73.44	306	765.464	892.876
73.68	307	765.451	892.912
73.92	308	765.45	892.914
74.16	309	765.45	892.91
74.4	310	765.448	892.906
74.64	311	765.449	892.909
74.88	312	765.438	892.905
75.12	313	765.444	892.897
75.36	314	765.442	892.894
75.6	315	765.437	892.884
75.84	316	765.439	892.879
76.08	317	765.441	892.876
76.32	318	765.442	892.873
76.56	319	765.443	892.873
76.8	320	765.44	892.883
77.04	321	765.44	892.885
77.28	322	765.44	892.885
77.52	323	765.44	892.885
77.76	324	765.44	892.885
78	325	765.44	892.885
78.24	326	765.44	892.885
78.48	327	765.44	892.885
78.72	328	765.44	892.885
78.96	329	765.44	892.885
79.2	330	765.44	892.885
79.44	331	765.44	892.885
79.68	332	765.461	892.882
79.92	333	765.456	892.897
80.16	334	765.414	893.357
80.4	335	765.434	893.173
80.64	336	769.543	894.698
80.88	337	771.91	887.897
81.12	338	797.365	886.482
81.36	339	831.307	885.068
81.6	340	880.804	879.411
81.84	341	937.373	875.169
82.08	342	1,005.255	875.169
82.32	343	1,090.108	869.512
82.56	344	1,172.132	862.441
82.8	345	1,258.399	856.784
83.04	346	1,357.394	846.884
83.28	347	1,454.975	838.399
83.52	348	1,562.455	836.985
83.76	349	1,660.036	832.742
84	350	1,759.031	829.914
84.24	351	1,870.754	836.985
84.48	352	1,985.305	846.884
