auto-7
t	step	pixel_{x}	pixel_{y}
0.24	1	1,907.025	405.474
0.48	2	1,832.19	409.038
0.72	3	1,764.482	410.82
0.96	4	1,700.337	412.601
1.2	5	1,630.847	412.601
1.44	6	1,538.193	419.729
1.68	7	1,449.103	421.51
1.92	8	1,368.923	421.51
2.16	9	1,286.96	421.51
2.4	10	1,194.306	425.074
2.64	11	1,087.399	426.856
2.88	12	968.018	426.856
3.12	13	864.674	430.419
3.36	14	752.421	428.638
3.6	15	672.24	426.856
3.84	16	583.15	425.074
4.08	17	490.496	425.074
4.32	18	406.752	423.292
4.56	19	306.971	423.292
4.8	20	212.536	425.074
5.04	21	132.355	419.729
5.28	22	57.52	419.729
5.52	23	-4.843	416.165
