auto-22
t	step	pixel_{x}	pixel_{y}
8.88	37	1,923.552	397.928
9.12	38	1,844.182	402.69
9.36	39	1,779.099	412.214
9.6	40	1,715.603	410.627
9.84	41	1,642.582	413.802
10.08	42	1,560.038	415.389
10.32	43	1,482.255	418.564
10.56	44	1,398.123	423.326
10.8	45	1,331.452	420.151
11.04	46	1,247.32	426.501
11.28	47	1,142.551	423.326
11.52	48	1,036.195	424.913
11.76	49	955.238	428.088
12	50	855.232	429.676
12.24	51	764.75	434.438
12.48	52	653.632	434.438
12.72	53	526.64	431.263
12.96	54	421.871	431.263
13.2	55	323.452	431.263
13.44	56	212.334	428.088
13.68	57	102.803	429.676
13.92	58	34.545	431.263
14.16	59	-38.475	428.088
