auto-46
t	step	pixel_{x}	pixel_{y}
24.24	101	1,928.879	407.078
24.48	102	1,888.562	402.039
24.72	103	1,833.125	408.338
24.96	104	1,776.429	407.078
25.2	105	1,709.653	410.858
25.44	106	1,645.397	415.898
25.68	107	1,582.401	414.638
25.92	108	1,524.445	410.858
26.16	109	1,440.03	417.158
26.4	110	1,371.994	415.898
26.64	111	1,308.998	423.457
26.88	112	1,229.623	420.937
27.12	113	1,145.208	425.977
27.36	114	1,070.873	431.017
27.6	115	986.458	431.017
27.84	116	886.925	432.277
28.08	117	803.77	431.017
28.32	118	716.835	433.537
28.56	119	621.081	433.537
28.8	120	515.248	433.537
29.04	121	413.194	437.316
29.28	122	314.92	439.836
29.52	123	229.246	439.836
29.76	124	139.791	441.096
30	125	15.059	438.576
30.24	126	-37.857	438.576
