auto-68
t	step	pixel_{x}	pixel_{y}
80.4	335	-46.92	681.421
80.64	336	-4.494	685.664
80.88	337	1.163	688.492
81.12	338	11.063	688.492
81.36	339	19.548	688.492
81.6	340	28.033	688.492
81.84	341	35.104	688.492
82.08	342	50.661	688.492
82.32	343	73.288	688.492
82.56	344	104.401	689.907
82.8	345	132.685	688.492
83.04	346	179.354	684.25
83.28	347	230.266	684.25
83.52	348	293.905	684.25
83.76	349	363.202	680.007
84	350	445.226	677.179
84.24	351	524.422	671.522
84.48	352	607.861	670.108
84.72	353	688.471	665.865
84.96	354	764.839	663.037
85.2	355	848.277	660.208
85.44	356	930.302	658.794
85.68	357	1,003.841	653.137
85.92	358	1,085.865	648.894
86.16	359	1,159.404	644.652
86.4	360	1,237.186	637.581
86.64	361	1,312.139	634.752
86.88	362	1,385.678	624.853
87.12	363	1,464.874	620.61
87.36	364	1,546.899	617.782
87.6	365	1,621.852	613.539
87.84	366	1,689.734	609.296
88.08	367	1,749.131	603.64
88.32	368	1,821.256	593.74
88.56	369	1,900.452	590.912
88.8	370	1,961.263	586.669
