auto-35
t	step	pixel_{x}	pixel_{y}
17.04	71	1,934.664	399.515
17.28	72	1,853.707	405.865
17.52	73	1,785.449	407.452
17.76	74	1,709.253	412.214
18	75	1,626.708	413.802
18.24	76	1,536.227	416.976
18.48	77	1,464.794	420.151
18.72	78	1,363.2	423.326
18.96	79	1,269.543	423.326
19.2	80	1,172.712	421.739
19.44	81	1,077.468	426.501
19.68	82	966.35	423.326
19.92	83	850.469	428.088
20.16	84	728.239	426.501
20.4	85	621.884	431.263
20.64	86	494.891	429.676
20.88	87	402.822	428.088
21.12	88	323.452	426.501
21.36	89	232.97	426.501
21.6	90	145.663	426.501
21.84	91	61.531	428.088
22.08	92	-8.315	428.088
