auto-59
t	step	pixel_{x}	pixel_{y}
42.48	177	1,926.359	425.347
42.72	178	1,886.042	430.387
42.96	179	1,864.623	439.206
43.2	180	1,841.945	439.206
43.44	181	1,823.046	441.726
43.68	182	1,801.627	445.506
43.92	183	1,782.728	450.546
44.16	184	1,766.349	453.065
44.4	185	1,752.49	460.625
44.64	186	1,742.411	464.405
44.88	187	1,732.332	470.704
45.12	188	1,728.552	479.524
45.36	189	1,727.292	490.863
45.6	190	1,731.072	500.942
45.84	191	1,741.151	512.282
46.08	192	1,757.53	527.401
46.32	193	1,778.949	541.26
46.56	194	1,807.927	557.639
46.8	195	1,844.465	576.538
47.04	196	1,889.822	596.696
47.28	197	1,943.998	619.375
