auto-14
t	step	pixel_{x}	pixel_{y}
2.64	11	1,930.189	389.438
2.88	12	1,864.262	393.002
3.12	13	1,798.336	394.784
3.36	14	1,727.064	394.784
3.6	15	1,650.447	394.784
3.84	16	1,566.702	394.784
4.08	17	1,482.958	403.692
4.32	18	1,409.904	401.911
4.56	19	1,327.941	405.474
4.8	20	1,242.415	405.474
5.04	21	1,137.289	409.038
5.28	22	1,048.199	409.038
5.52	23	957.327	410.82
5.76	24	855.765	412.601
6	25	766.675	409.038
6.24	26	633.04	407.256
6.48	27	542.169	409.038
6.72	28	437.042	409.038
6.96	29	319.444	409.038
7.2	30	221.445	412.601
7.44	31	127.01	412.601
7.68	32	2.284	412.601
