auto-8
t	step	pixel_{x}	pixel_{y}
0.48	2	1,896.335	387.656
0.72	3	1,826.844	387.656
0.96	4	1,764.482	391.22
1.2	5	1,703.9	393.002
1.44	6	1,621.938	396.565
1.68	7	1,556.011	396.565
1.92	8	1,486.521	396.565
2.16	9	1,413.467	400.129
2.4	10	1,329.723	401.911
2.64	11	1,247.76	401.911
2.88	12	1,167.579	400.129
3.12	13	1,099.871	400.129
3.36	14	1,008.999	403.692
3.6	15	944.855	403.692
3.84	16	823.692	401.911
4.08	17	723.912	407.256
4.32	18	631.258	403.692
4.56	19	522.569	410.82
4.8	20	422.788	407.256
5.04	21	298.062	409.038
5.28	22	201.845	407.256
5.52	23	98.501	407.256
5.76	24	-1.28	409.038
