bahn-1
t	step	pixel_{x}	pixel_{y}
0	0	1,765	490
0.24	1	1,716.157	491.212
0.48	2	1,667.891	492.13
0.72	3	1,619.617	493.861
0.96	4	1,570.768	495.642
1.2	5	1,522.454	496.714
1.44	6	1,466.773	498.217
1.68	7	1,419.486	499.054
1.92	8	1,371	500
2.16	9	1,322	504
2.4	10	1,276	506
2.64	11	1,224.488	503.853
2.88	12	1,179.851	504.011
3.12	13	1,131	508
3.36	14	1,091.423	505.963
3.6	15	1,050.197	506.984
3.84	16	1,003.367	507.62
4.08	17	963.987	507.89
4.32	18	926.927	508.233
4.56	19	891.057	508.405
4.8	20	857.097	508.939
5.04	21	819.747	509.277
5.28	22	789.323	509.166
5.52	23	761.392	509.83
5.76	24	734.317	510.253
6	25	710.727	510.97
6.24	26	685.706	511.366
6.48	27	666.025	511.131
6.72	28	648.624	511.993
6.96	29	632.729	511.998
7.2	30	618.242	511.879
7.44	31	605.81	512.001
7.68	32	594.218	512.192
7.92	33	586.199	512.147
8.16	34	579.806	512.239
8.4	35	575.338	512.328
8.64	36	572.085	512.216
8.88	37	570.692	512.264
9.12	38	570.181	512.09
9.36	39	570.114	512.06
9.6	40	570.073	512.041
9.84	41	570.11	511.892
10.08	42	570.146	512.047
10.32	43	570.103	512.018
10.56	44	570.107	511.981
10.8	45	570.027	512.027
11.04	46	570.017	512.02
11.28	47	570.01	512.015
11.52	48	570.005	512.013
11.76	49	570.003	512.01
12	50	570.008	512.001
12.24	51	570.005	512.002
12.48	52	570.003	512.002
12.72	53	570.002	512.003
12.96	54	570.002	512.003
13.2	55	570.001	512.003
13.44	56	570.001	512.003
13.68	57	570.001	512.003
13.92	58	570	512.003
14.16	59	570	512.003
14.4	60	570.006	511.999
14.64	61	570.005	512.001
14.88	62	570.01	511.997
15.12	63	570.007	512
15.36	64	570.005	512.001
15.6	65	570.004	512.002
15.84	66	570.003	512.003
16.08	67	570.002	512.003
16.32	68	570.002	512.004
16.56	69	570.001	512.004
16.8	70	570.001	512.004
17.04	71	570.005	512.002
17.28	72	570.005	512.002
17.52	73	570.004	512.002
17.76	74	570.003	512.002
18	75	570.008	512.002
18.24	76	570.002	512.004
18.48	77	570.002	512.004
18.72	78	570.002	512.004
18.96	79	569.998	512.007
19.2	80	570.002	512.003
19.44	81	569.989	511.981
19.68	82	569.97	512.411
19.92	83	569.922	512.664
20.16	84	569.955	513.09
20.4	85	569.963	513.062
20.64	86	570.013	513.097
20.88	87	569.753	513.338
21.12	88	569.884	512.536
21.36	89	569.918	512.698
21.6	90	569.946	512.937
21.84	91	569.966	512.953
22.08	92	569.983	512.945
22.32	93	569.977	512.978
22.56	94	569.983	512.688
22.8	95	569.172	512.619
23.04	96	567.274	512.173
23.28	97	563.602	512.974
23.52	98	558.135	512.771
23.76	99	550.19	512.849
24	100	540.069	513.006
24.24	101	527.864	513.98
24.48	102	513.406	513.061
24.72	103	496.103	513.054
24.96	104	474.115	513.376
25.2	105	453.103	513.254
25.44	106	430.279	513.579
25.68	107	404.741	514.131
25.92	108	377.895	514.878
26.16	109	340	520
26.4	110	310.604	515.851
26.64	111	275.466	515.709
26.88	112	237.708	516.2
27.12	113	198.163	517.226
27.36	114	155.64	517.345
27.6	115	104.052	517.612
27.84	116	56.05	517.451
28.08	117	6	520
