person-7
t	step	pixel_{x}	pixel_{y}
26.64	111	364.912	470.386
26.88	112	377.263	468.14
27.12	113	382.877	468.14
27.36	114	392.995	467.45
27.6	115	402.407	465.319
27.84	116	409.939	466.934
28.08	117	419.466	465.24
28.32	118	427.97	464.905
28.56	119	439.077	466.01
28.8	120	447.081	454.228
29.04	121	455.988	457.663
29.28	122	466.99	456.132
29.52	123	478.987	463.73
29.76	124	489.706	463.649
30	125	500.312	461.9
30.24	126	509.904	463.255
30.48	127	520.838	461.836
30.72	128	529.775	457.291
30.96	129	539.583	457.706
31.2	130	549.165	456.139
31.44	131	557.667	457.79
31.68	132	565.91	455.491
31.92	133	573.747	457.72
32.16	134	582.127	457.887
32.4	135	590.94	456.736
32.64	136	598.869	457.085
32.88	137	608.76	457.288
33.12	138	616.937	455.992
33.36	139	624.903	457.461
33.6	140	633.635	455.924
33.84	141	642.051	455.296
34.08	142	651.075	457.069
34.32	143	658.724	454.677
34.56	144	664.965	454.048
34.8	145	672.705	453.344
35.04	146	679.972	452.013
35.28	147	686.655	452.511
35.52	148	694.394	452.189
35.76	149	700.031	451.894
36	150	705.976	452.309
36.24	151	714.14	452.605
36.48	152	719.7	451.733
36.72	153	725.45	452.946
36.96	154	732.46	453.21
37.2	155	737.082	453.172
37.44	156	743.793	453.087
37.68	157	750.593	453.832
37.92	158	755.968	453.611
38.16	159	761.274	453.664
38.4	160	768.147	453.265
38.64	161	773.829	451.062
38.88	162	777.635	449.478
39.12	163	780.778	448.763
39.36	164	783.261	446.971
39.6	165	785.65	445.858
39.84	166	789.929	445.34
40.08	167	784.182	430.904
40.32	168	784.959	430.82
40.56	169	784.874	431.371
40.8	170	784.608	431.366
41.04	171	784.199	431.362
41.28	172	784.313	430.49
41.52	173	784.842	433.333
41.76	174	788.819	455.155
42	175	789.828	454.869
42.24	176	791.178	454.812
42.48	177	794.924	444.863
42.72	178	788.516	429.765
42.96	179	789.333	434.456
43.2	180	790.456	434.456
43.44	181	790.456	434.456
43.68	182	791.579	434.456
43.92	183	802.603	434.748
44.16	184	804.248	431.625
44.4	185	807.026	431.086
44.64	186	809.569	426.95
44.88	187	812.458	425.202
45.12	188	814.095	422.092
45.36	189	816.648	423.329
45.6	190	819.871	418.349
45.84	191	821.556	416.154
46.08	192	823.863	414.193
46.32	193	825.893	411.472
46.56	194	829.036	410.813
46.8	195	830.837	406.489
47.04	196	831.191	405.586
47.28	197	830.861	402.198
47.52	198	825.263	399.649
47.76	199	825.263	399.649
48	200	825.263	395.158
48.24	201	825.263	394.035
48.48	202	825.263	391.789
48.72	203	824.14	390.667
48.96	204	825.263	387.298
49.2	205	829.754	385.053
49.44	206	834.973	387.392
49.68	207	828.632	385.053
49.92	208	829.754	380.561
50.16	209	833.123	378.316
50.4	210	836.491	374.947
50.64	211	843.767	379.445
50.88	212	844.571	377.34
51.12	213	845.228	374.406
51.36	214	846.76	373.618
51.6	215	847.423	371.16
51.84	216	847.259	370.446
52.08	217	845.981	367.838
52.32	218	844.93	366.678
52.56	219	844.805	364.774
52.8	220	844.605	362.847
53.04	221	843.536	361.206
53.28	222	837.843	374.307
53.52	223	838.892	372.651
53.76	224	839.079	369.439
54	225	837.476	368.492
54.24	226	836.198	368.07
54.48	227	836.705	364.572
54.72	228	835.815	364.137
54.96	229	834.245	362.283
55.2	230	830.131	363.135
55.44	231	829.614	362.353
55.68	232	828.882	360.771
55.92	233	826.925	359.865
56.16	234	823.041	357.181
56.4	235	821.033	355.459
56.64	236	821.4	357.275
56.88	237	820.003	355.81
57.12	238	818.933	353.237
57.36	239	817.836	351.64
57.6	240	817.8	349.291
57.84	241	818.191	348.308
