person-3
t	step	pixel_{x}	pixel_{y}
12.96	54	668.328	473.224
13.2	55	674.628	478.264
13.44	56	682.187	483.304
13.68	57	687.227	482.044
13.92	58	694.787	488.343
14.16	59	703.606	492.123
14.4	60	708.646	494.643
14.64	61	712.426	500.942
14.88	62	716.205	508.502
15.12	63	716.205	509.762
15.36	64	718.725	512.282
15.6	65	718.725	512.282
15.84	66	707.386	513.542
16.08	67	706.126	522.361
16.32	68	706.126	529.921
16.56	69	703.606	537.48
16.8	70	702.346	536.22
17.04	71	703.606	542.52
17.28	72	699.826	545.04
17.52	73	693.527	548.819
17.76	74	692.267	557.639
18	75	693.527	556.379
18.24	76	688.487	558.899
18.48	77	687.227	562.679
18.72	78	675.888	566.458
18.96	79	684.707	571.498
19.2	80	685.967	577.798
19.44	81	698.566	581.577
19.68	82	704.866	581.577
19.92	83	712.426	586.617
20.16	84	719.985	590.397
20.4	85	723.765	591.657
20.64	86	731.324	594.177
20.88	87	741.404	602.996
21.12	88	747.703	606.776
21.36	89	748.963	606.776
21.6	90	776.681	605.516
21.84	91	796.84	605.516
22.08	92	804.4	600.476
22.32	93	818.259	600.476
22.56	94	830.858	600.476
22.8	95	844.717	600.476
23.04	96	857.316	600.476
23.28	97	868.656	599.216
23.52	98	883.775	599.216
23.76	99	890.074	599.216
24	100	898.894	600.476
24.24	101	908.973	605.516
24.48	102	921.572	605.516
24.72	103	931.652	610.556
24.96	104	936.691	611.815
25.2	105	948.031	613.075
25.44	106	953.07	610.556
25.68	107	953.07	609.296
25.92	108	955.59	608.036
26.16	109	959.37	613.075
26.4	110	956.85	628.194
26.64	111	958.11	635.754
26.88	112	958.11	639.534
27.12	113	958.11	648.353
27.36	114	944.251	660.952
27.6	115	940.471	671.032
27.84	116	937.951	678.591
28.08	117	926.612	692.45
28.32	118	919.053	702.53
28.56	119	908.973	706.31
28.8	120	897.634	710.089
29.04	121	892.594	722.689
29.28	122	883.775	732.768
29.52	123	872.435	741.587
29.76	124	858.576	746.627
30	125	848.497	752.927
30.24	126	833.94	763.736
30.48	127	810.699	765.526
30.72	128	794.32	773.085
30.96	129	772.902	785.685
31.2	130	747.703	798.284
31.44	131	730.064	804.583
31.68	132	711.166	813.403
31.92	133	692.267	824.742
32.16	134	675.864	848.118
32.4	135	647.748	862.932
32.64	136	627.321	880.793
32.88	137	597.529	878.738
33.12	138	570.579	884.579
33.36	139	543.504	900.317
33.6	140	512.46	909.761
33.84	141	478.286	920.087
34.08	142	443.817	934.011
34.32	143	411.566	947.009
34.56	144	375.389	962.538
34.8	145	341.376	969.942
35.04	146	297.256	983.406
35.28	147	258.854	993.572
35.52	148	223.642	1,010.427
35.76	149	181.999	1,022.55
36	150	144.201	1,030.109
36.24	151	100.104	1,035.149
36.48	152	50.967	1,047.748
36.72	153	13.169	1,059.087
