person-4
t	step	pixel_{x}	pixel_{y}
0	0	96.324	470.074
0.24	1	96.324	470.074
0.48	2	96.324	470.074
0.72	3	96.324	470.074
0.96	4	96.324	470.074
1.2	5	96.324	470.074
1.44	6	96.324	470.074
1.68	7	96.324	470.074
1.92	8	96.324	470.074
2.16	9	96.324	470.074
2.4	10	96.324	470.074
2.64	11	96.324	470.074
2.88	12	96.324	470.074
3.12	13	96.324	470.074
3.36	14	96.324	470.074
3.6	15	96.324	470.074
3.84	16	96.324	470.074
4.08	17	96.324	470.074
4.32	18	96.324	470.074
4.56	19	96.324	470.074
4.8	20	96.324	470.074
5.04	21	96.324	470.074
5.28	22	96.324	470.074
5.52	23	96.324	470.074
5.76	24	96.324	470.074
6	25	96.324	470.074
6.24	26	96.324	470.074
6.48	27	96.324	470.074
6.72	28	96.324	470.074
6.96	29	96.324	470.074
7.2	30	96.324	470.074
7.44	31	96.324	470.074
7.68	32	96.324	470.074
7.92	33	96.324	470.074
8.16	34	96.324	470.074
