auto-49
t	step	pixel_{x}	pixel_{y}
26.64	111	1,926.359	380.62
26.88	112	1,872.183	384.4
27.12	113	1,820.526	386.92
27.36	114	1,777.689	386.92
27.6	115	1,713.433	391.959
27.84	116	1,660.516	391.959
28.08	117	1,610.119	391.959
28.32	118	1,554.683	390.699
28.56	119	1,497.986	394.479
28.8	120	1,432.47	398.259
29.04	121	1,373.254	398.259
29.28	122	1,307.738	399.519
29.52	123	1,238.443	399.519
29.76	124	1,167.887	403.299
30	125	1,093.552	400.779
30.24	126	1,028.036	403.299
30.48	127	938.581	405.818
30.72	128	871.806	404.558
30.96	129	791.171	402.039
31.2	130	697.936	407.078
31.44	131	607.222	410.858
31.68	132	526.587	410.858
31.92	133	444.692	412.118
32.16	134	360.278	410.858
32.4	135	256.964	410.858
32.64	136	163.73	407.078
32.88	137	71.756	410.858
33.12	138	-10.139	412.118
