auto-31
t	step	pixel_{x}	pixel_{y}
14.88	62	1,926.727	359.83
15.12	63	1,863.231	361.417
15.36	64	1,799.735	363.005
15.6	65	1,734.652	358.243
15.84	66	1,666.393	364.592
16.08	67	1,609.247	364.592
16.32	68	1,526.702	359.83
16.56	69	1,447.332	366.18
16.8	70	1,374.312	363.005
17.04	71	1,304.466	361.417
17.28	72	1,231.446	366.18
17.52	73	1,137.789	363.005
17.76	74	1,056.831	358.243
18	75	964.762	355.068
18.24	76	882.217	363.005
18.48	77	783.798	361.417
18.72	78	682.205	366.18
18.96	79	579.024	361.417
19.2	80	479.017	367.767
19.44	81	390.123	366.18
19.68	82	279.005	366.18
19.92	83	164.712	367.767
20.16	84	50.419	370.942
20.4	85	-35.3	366.18
