auto-51
t	step	pixel_{x}	pixel_{y}
29.52	123	1,940.219	387.55
29.76	124	1,887.302	387.55
30	125	1,833.125	390.069
30.24	126	1,778.949	391.329
30.48	127	1,727.292	396.369
30.72	128	1,671.855	397.629
30.96	129	1,613.899	396.369
31.2	130	1,554.683	400.149
31.44	131	1,496.726	400.149
31.68	132	1,431.21	398.889
31.92	133	1,364.435	405.188
32.16	134	1,301.439	406.448
32.4	135	1,220.804	406.448
32.64	136	1,138.909	405.188
32.88	137	1,053.234	411.488
33.12	138	978.899	411.488
33.36	139	902.044	414.008
33.6	140	822.669	414.008
33.84	141	730.694	415.268
34.08	142	636.2	420.308
34.32	143	539.186	425.347
34.56	144	445.952	425.347
34.8	145	351.458	425.347
35.04	146	239.325	426.607
35.28	147	149.871	429.127
35.52	148	31.438	432.907
35.76	149	-36.598	429.127
