auto-43
t	step	pixel_{x}	pixel_{y}
22.56	94	1,936.252	397.928
22.8	95	1,888.63	396.34
23.04	96	1,845.77	402.69
23.28	97	1,788.623	402.69
23.52	98	1,729.89	404.277
23.76	99	1,660.044	407.452
24	100	1,598.135	413.802
24.24	101	1,540.989	413.802
24.48	102	1,464.794	420.151
24.72	103	1,398.123	421.739
24.96	104	1,329.864	418.564
25.2	105	1,269.543	421.739
25.44	106	1,191.761	423.326
25.68	107	1,104.453	424.913
25.92	108	1,033.02	428.088
26.16	109	955.238	429.676
26.4	110	872.693	432.85
26.64	111	782.211	437.613
26.88	112	710.778	437.613
27.12	113	618.709	431.263
27.36	114	544.101	431.263
27.6	115	448.857	432.85
27.84	116	359.962	432.85
28.08	117	253.607	432.85
28.32	118	150.425	436.025
28.56	119	44.07	434.438
28.8	120	-21.014	434.438
