auto-20
t	step	pixel_{x}	pixel_{y}
6	25	1,937.839	402.69
6.24	26	1,877.518	402.69
6.48	27	1,812.434	405.865
6.72	28	1,737.827	412.214
6.96	29	1,679.093	409.039
7.2	30	1,590.198	413.802
7.44	31	1,507.653	421.739
7.68	32	1,415.584	420.151
7.92	33	1,315.578	421.739
8.16	34	1,218.746	421.739
8.4	35	1,126.677	421.739
8.64	36	1,023.496	426.501
8.88	37	909.203	429.676
9.12	38	806.022	432.85
9.36	39	701.254	431.263
9.6	40	583.786	432.85
9.84	41	463.143	434.438
10.08	42	342.501	432.85
10.32	43	237.733	432.85
10.56	44	131.377	428.088
10.8	45	37.72	432.85
11.04	46	-38.475	432.85
