auto-70
t	step	pixel_{x}	pixel_{y}
70.32	293	1,930.151	391.508
70.56	294	1,911.766	397.164
70.8	295	1,901.866	395.75
71.04	296	1,893.381	401.407
71.28	297	1,891.967	399.993
71.52	298	1,891.967	399.993
71.76	299	1,891.967	399.993
72	300	1,891.967	399.993
72.24	301	1,891.967	399.993
72.48	302	1,891.967	399.993
72.72	303	1,891.967	399.993
72.96	304	1,891.967	399.993
73.2	305	1,891.967	399.993
73.44	306	1,891.967	399.993
73.68	307	1,891.967	399.993
73.92	308	1,891.967	399.993
74.16	309	1,891.967	399.993
74.4	310	1,891.967	399.993
74.64	311	1,896.209	398.579
74.88	312	1,893.381	398.579
75.12	313	1,893.381	398.579
75.36	314	1,893.381	398.579
75.6	315	1,893.381	398.579
75.84	316	1,893.381	398.579
76.08	317	1,893.381	398.579
76.32	318	1,893.381	398.579
76.56	319	1,893.381	398.579
76.8	320	1,893.381	398.579
77.04	321	1,893.381	398.579
77.28	322	1,893.381	398.579
77.52	323	1,893.381	398.579
77.76	324	1,893.381	398.579
78	325	1,893.381	398.579
78.24	326	1,893.381	398.579
78.48	327	1,893.381	398.579
78.72	328	1,893.381	398.579
78.96	329	1,893.381	398.579
79.2	330	1,893.381	398.579
79.44	331	1,893.381	398.579
79.68	332	1,893.381	398.579
79.92	333	1,893.381	398.579
80.16	334	1,889.138	398.579
80.4	335	1,880.653	398.579
80.64	336	1,876.41	398.579
80.88	337	1,862.268	398.579
81.12	338	1,845.298	401.407
81.36	339	1,829.358	401.684
81.6	340	1,811.68	402.378
81.84	341	1,791.719	403.033
82.08	342	1,770.57	403.668
82.32	343	1,745.41	404.393
82.56	344	1,723.119	405.419
82.8	345	1,701.074	406.227
83.04	346	1,677.076	406.306
83.28	347	1,651.674	407.057
83.52	348	1,619.458	407.528
83.76	349	1,589.024	408.347
84	350	1,555.423	409.353
84.24	351	1,519.385	410.312
84.48	352	1,480.701	411.454
84.72	353	1,433.898	413.19
84.96	354	1,390.247	414.472
85.2	355	1,344.722	416.433
85.44	356	1,298.973	417.623
85.68	357	1,252.269	418.397
85.92	358	1,197.727	419.557
86.16	359	1,150.919	418.378
86.4	360	1,095.765	419.792
86.64	361	1,043.439	421.206
86.88	362	984.042	422.62
87.12	363	920.402	422.62
87.36	364	842.62	422.62
87.6	365	773.324	424.034
87.84	366	706.856	425.449
88.08	367	633.317	425.449
88.32	368	554.121	428.277
88.56	369	463.611	429.691
88.8	370	384.415	424.034
89.04	371	303.805	429.691
89.28	372	221.781	431.106
89.52	373	138.531	430.387
89.76	374	65.456	429.127
90	375	-13.919	422.827
