auto-54
t	step	pixel_{x}	pixel_{y}
36.24	151	1,930.139	421.567
36.48	152	1,904.941	420.308
36.72	153	1,883.522	425.347
36.96	154	1,860.844	426.607
37.2	155	1,836.905	427.867
37.44	156	1,807.927	432.907
37.68	157	1,790.288	435.427
37.92	158	1,775.169	436.686
38.16	159	1,756.27	445.506
38.4	160	1,746.191	455.585
38.64	161	1,727.292	456.845
38.88	162	1,714.693	465.665
39.12	163	1,695.794	489.603
39.36	164	1,686.974	489.603
39.6	165	1,684.455	495.903
39.84	166	1,685.715	504.722
40.08	167	1,689.494	519.841
40.32	168	1,697.054	526.141
40.56	169	1,713.433	540
40.8	170	1,729.812	553.859
41.04	171	1,757.53	574.018
41.28	172	1,790.288	595.437
41.52	173	1,841.945	613.075
41.76	174	1,893.601	635.754
42	175	1,949.038	653.393
