auto-53
t	step	pixel_{x}	pixel_{y}
32.4	135	1,932.659	398.889
32.64	136	1,913.76	402.669
32.88	137	1,883.522	403.929
33.12	138	1,852.024	406.448
33.36	139	1,819.266	406.448
33.6	140	1,795.328	407.708
33.84	141	1,770.129	408.968
34.08	142	1,743.671	411.488
34.32	143	1,718.472	414.008
34.56	144	1,703.353	419.048
34.8	145	1,680.675	422.827
35.04	146	1,670.595	429.127
35.28	147	1,660.516	432.907
35.52	148	1,654.216	444.246
35.76	149	1,650.437	454.325
36	150	1,659.256	460.625
36.24	151	1,668.076	474.484
36.48	152	1,681.935	483.304
36.72	153	1,704.613	497.163
36.96	154	1,734.851	512.282
37.2	155	1,773.909	527.401
37.44	156	1,828.086	547.56
37.68	157	1,891.082	566.458
37.92	158	1,952.818	582.837
