auto-56
t	step	pixel_{x}	pixel_{y}
38.64	161	1,925.1	393.849
38.88	162	1,852.024	390.069
39.12	163	1,775.169	395.109
39.36	164	1,698.314	396.369
39.6	165	1,620.199	396.369
39.84	166	1,523.185	397.629
40.08	167	1,438.77	400.149
40.32	168	1,363.175	398.889
40.56	169	1,281.28	402.669
40.8	170	1,189.306	405.188
41.04	171	1,102.371	405.188
41.28	172	988.978	411.488
41.52	173	897.004	412.748
41.76	174	779.831	412.748
42	175	673.998	415.268
42.24	176	554.305	415.268
42.48	177	424.534	415.268
42.72	178	307.361	416.528
42.96	179	181.369	419.048
43.2	180	71.756	416.528
43.44	181	-10.139	422.827
