auto-61
t	step	pixel_{x}	pixel_{y}
56.16	234	1,943.998	585.357
56.4	235	1,897.381	579.058
56.64	236	1,846	568
56.88	237	1,794.973	555.874
57.12	238	1,744.889	545.657
57.36	239	1,681.249	532.929
57.6	240	1,640.237	523.029
57.84	241	1,599.225	515.958
58.08	242	1,559.627	504.645
58.32	243	1,518.614	498.988
58.56	244	1,462.046	490.503
58.8	245	1,428.105	483.431
59.04	246	1,392.749	476.36
59.28	247	1,346.08	469.289
59.52	248	1,312.139	463.632
59.76	249	1,266.884	453.733
60	250	1,225.872	449.49
60.24	251	1,172.132	443.833
60.48	252	1,132.534	442.419
60.72	253	1,084.451	435.348
60.96	254	1,039.196	429.691
61.2	255	971.314	429.691
61.44	256	918.988	429.691
61.68	257	859.591	426.863
61.92	258	803.022	424.034
62.16	259	740.797	419.792
62.4	260	678.572	418.378
62.64	261	609.275	416.963
62.88	262	545.635	416.963
63.12	263	481.996	416.963
63.36	264	425.427	416.963
63.6	265	356.131	416.963
63.84	266	282.592	418.378
64.08	267	217.538	421.206
64.32	268	151.07	421.206
64.56	269	66.217	421.206
64.8	270	-8.736	418.378
