auto-42
t	step	pixel_{x}	pixel_{y}
22.32	93	1,950.538	375.704
22.56	94	1,890.217	377.291
22.8	95	1,833.071	382.054
23.04	96	1,769.575	385.228
23.28	97	1,723.54	385.228
23.52	98	1,666.393	389.991
23.76	99	1,604.485	386.816
24	100	1,547.338	386.816
24.24	101	1,479.08	389.991
24.48	102	1,412.409	389.991
24.72	103	1,347.326	391.578
24.96	104	1,264.781	391.578
25.2	105	1,183.824	396.34
25.44	106	1,113.978	393.165
25.68	107	1,020.321	396.34
25.92	108	933.014	397.928
26.16	109	850.469	397.928
26.4	110	758.4	397.928
26.64	111	650.457	402.69
26.88	112	556.8	402.69
27.12	113	456.794	407.452
27.36	114	367.899	405.865
27.6	115	248.844	407.452
27.84	116	145.663	407.452
28.08	117	45.657	407.452
28.32	118	-32.126	407.452
