auto-26
t	step	pixel_{x}	pixel_{y}
10.8	45	1,923.552	358.243
11.04	46	1,875.93	358.243
11.28	47	1,802.91	361.417
11.52	48	1,742.589	363.005
11.76	49	1,672.743	364.592
12	50	1,618.771	364.592
12.24	51	1,537.814	364.592
12.48	52	1,452.094	367.767
12.72	53	1,385.423	367.767
12.96	54	1,299.704	364.592
13.2	55	1,215.572	372.529
13.44	56	1,129.852	367.767
13.68	57	1,040.957	370.942
13.92	58	926.665	372.529
14.16	59	829.833	370.942
14.4	60	734.589	374.117
14.64	61	615.534	372.529
14.88	62	513.94	372.529
15.12	63	398.06	370.942
15.36	64	285.355	370.942
15.6	65	155.188	372.529
15.84	66	47.244	378.879
16.08	67	-44.825	374.117
