auto-21
t	step	pixel_{x}	pixel_{y}
6.72	28	1,921.965	388.403
6.96	29	1,867.993	382.054
7.2	30	1,807.672	385.228
7.44	31	1,736.239	386.816
7.68	32	1,677.505	385.228
7.92	33	1,598.135	388.403
8.16	34	1,540.989	388.403
8.4	35	1,463.206	389.991
8.64	36	1,391.773	394.753
8.88	37	1,298.116	397.928
9.12	38	1,209.222	397.928
9.36	39	1,129.852	397.928
9.6	40	1,045.72	401.102
9.84	41	940.951	402.69
10.08	42	845.707	402.69
10.32	43	745.701	401.102
10.56	44	647.282	402.69
10.8	45	542.514	404.277
11.04	46	444.095	402.69
11.28	47	320.277	404.277
11.52	48	201.222	405.865
11.76	49	99.629	407.452
12	50	-17.839	407.452
