auto-29
t	step	pixel_{x}	pixel_{y}
13.92	58	1,925.14	397.928
14.16	59	1,861.644	402.69
14.4	60	1,790.211	402.69
14.64	61	1,726.715	409.039
14.88	62	1,652.107	409.039
15.12	63	1,563.212	413.802
15.36	64	1,494.954	416.976
15.6	65	1,407.647	420.151
15.84	66	1,328.277	420.151
16.08	67	1,250.494	420.151
16.32	68	1,129.852	424.913
16.56	69	1,045.72	423.326
16.8	70	944.126	423.326
17.04	71	850.469	428.088
17.28	72	740.939	426.501
17.52	73	601.247	428.088
17.76	74	498.066	431.263
18	75	402.822	431.263
18.24	76	283.767	429.676
18.48	77	175.824	428.088
18.72	78	96.454	431.263
18.96	79	25.021	428.088
19.2	80	-59.111	429.676
