auto-60
t	step	pixel_{x}	pixel_{y}
44.4	185	1,923.84	424.087
44.64	186	1,903.681	436.686
44.88	187	1,874.703	439.206
45.12	188	1,846.984	441.726
45.36	189	1,820.526	444.246
45.6	190	1,797.847	444.246
45.84	191	1,778.949	445.506
46.08	192	1,758.79	451.806
46.32	193	1,741.151	456.845
46.56	194	1,722.252	460.625
46.8	195	1,717.213	468.185
47.04	196	1,713.433	474.484
47.28	197	1,708.393	484.563
47.52	198	1,709.653	492.123
47.76	199	1,715.953	505.982
48	200	1,731.072	519.841
48.24	201	1,743.671	529.921
48.48	202	1,758.79	543.78
48.72	203	1,789.028	565.198
48.96	204	1,826.826	582.837
49.2	205	1,872.183	599.216
49.44	206	1,922.58	616.855
