auto-40
t	step	pixel_{x}	pixel_{y}
21.36	89	1,923.552	385.228
21.6	90	1,850.532	388.403
21.84	91	1,794.973	388.403
22.08	92	1,742.589	389.991
22.32	93	1,682.267	394.753
22.56	94	1,620.359	394.753
22.8	95	1,547.338	397.928
23.04	96	1,490.192	397.928
23.28	97	1,407.647	399.515
23.52	98	1,344.151	399.515
23.76	99	1,258.431	399.515
24	100	1,190.173	402.69
24.24	101	1,121.915	407.452
24.48	102	1,034.608	410.627
24.72	103	953.65	412.214
24.96	104	859.994	412.214
25.2	105	763.162	412.214
25.44	106	677.443	410.627
25.68	107	585.373	412.214
25.92	108	498.066	412.214
26.16	109	388.536	416.976
26.4	110	294.879	418.564
26.64	111	205.985	416.976
26.88	112	113.915	413.802
27.12	113	21.846	410.627
27.36	114	-41.65	410.627
