auto-57
t	step	pixel_{x}	pixel_{y}
39.12	163	1,927.619	426.607
39.36	164	1,902.421	427.867
39.6	165	1,872.183	435.427
39.84	166	1,843.205	439.206
40.08	167	1,825.566	444.246
40.32	168	1,810.447	450.546
40.56	169	1,794.068	455.585
40.8	170	1,780.209	461.885
41.04	171	1,771.389	468.185
41.28	172	1,762.57	469.444
41.52	173	1,758.79	479.524
41.76	174	1,753.75	478.264
42	175	1,760.05	502.202
42.24	176	1,765.09	512.282
42.48	177	1,776.429	521.101
42.72	178	1,790.288	537.48
42.96	179	1,811.707	550.079
43.2	180	1,840.685	566.458
43.44	181	1,875.963	582.837
43.68	182	1,931.399	606.776
