auto-52
t	step	pixel_{x}	pixel_{y}
29.76	124	1,937.699	416.528
30	125	1,899.901	425.347
30.24	126	1,875.963	431.647
30.48	127	1,852.024	434.167
30.72	128	1,826.826	435.427
30.96	129	1,804.147	444.246
31.2	130	1,776.429	451.806
31.44	131	1,760.05	470.704
31.68	132	1,746.191	474.484
31.92	133	1,742.411	485.823
32.16	134	1,742.411	492.123
32.4	135	1,746.191	504.722
32.64	136	1,760.05	517.321
32.88	137	1,778.949	537.48
33.12	138	1,802.887	550.079
33.36	139	1,834.385	567.718
33.6	140	1,875.963	589.137
33.84	141	1,930.139	613.075
