bahn-2
t	step	pixel_{x}	pixel_{y}
704.88	2,937	1,896.751	479.524
705.12	2,938	1,851.394	483.304
705.36	2,939	1,809.817	485.823
705.6	2,940	1,765.72	487.083
705.84	2,941	1,715.323	488.343
706.08	2,942	1,677.525	490.863
706.32	2,943	1,628.388	493.383
706.56	2,944	1,591.85	495.903
706.8	2,945	1,543.973	497.163
707.04	2,946	1,491.057	497.163
707.28	2,947	1,449.479	498.423
707.52	2,948	1,405.382	498.423
707.76	2,949	1,367.584	498.423
708	2,950	1,326.007	500.942
708.24	2,951	1,288.209	503.462
708.48	2,952	1,242.852	503.462
708.72	2,953	1,200.015	503.462
708.96	2,954	1,164.737	505.982
709.2	2,955	1,126.94	507.242
709.44	2,956	1,090.402	507.242
709.68	2,957	1,057.644	505.982
709.92	2,958	1,023.626	504.722
710.16	2,959	992.128	504.722
710.4	2,960	955.59	507.242
710.64	2,961	926.612	509.762
710.88	2,962	892.594	509.762
711.12	2,963	863.616	508.502
711.36	2,964	840.937	508.502
711.6	2,965	815.739	508.502
711.84	2,966	799.36	508.502
712.08	2,967	776.326	509.146
712.32	2,968	758.458	509.579
712.56	2,969	742.817	509.759
712.8	2,970	728.495	509.847
713.04	2,971	716.911	509.813
713.28	2,972	706.165	509.83
713.52	2,973	699.023	509.733
713.76	2,974	694.095	510.198
714	2,975	691.331	510.402
714.24	2,976	690.091	510.466
714.48	2,977	689.436	510.504
714.72	2,978	689.411	510.509
714.96	2,979	689.395	510.511
715.2	2,980	689.385	510.513
715.44	2,981	689.38	510.517
715.68	2,982	689.376	510.516
715.92	2,983	689.372	510.516
716.16	2,984	689.369	510.515
716.4	2,985	689.368	510.515
716.64	2,986	689.367	510.515
716.88	2,987	689.366	510.515
717.12	2,988	689.366	510.515
717.36	2,989	689.366	510.515
717.6	2,990	689.366	510.514
717.84	2,991	689.366	510.514
718.08	2,992	689.366	510.514
718.32	2,993	689.366	510.514
718.56	2,994	689.366	510.514
718.8	2,995	689.366	510.514
719.04	2,996	689.366	510.514
719.28	2,997	689.366	510.514
719.52	2,998	689.366	510.514
719.76	2,999	689.366	510.514
720	3,000	689.283	510.516
720.24	3,001	689.312	510.513
720.48	3,002	689.326	510.513
720.72	3,003	689.336	510.512
720.96	3,004	689.341	510.511
721.2	3,005	689.345	510.511
721.44	3,006	689.348	510.51
721.68	3,007	689.35	510.51
721.92	3,008	689.351	510.509
722.16	3,009	689.352	510.509
722.4	3,010	689.353	510.508
722.64	3,011	689.353	510.508
722.88	3,012	689.354	510.508
723.12	3,013	689.354	510.508
723.36	3,014	689.354	510.508
723.6	3,015	689.354	510.508
723.84	3,016	689.354	510.508
724.08	3,017	689.354	510.508
724.32	3,018	689.354	510.508
724.56	3,019	689.354	510.508
724.8	3,020	689.354	510.508
725.04	3,021	689.354	510.508
725.28	3,022	689.354	510.508
725.52	3,023	689.354	510.508
725.76	3,024	689.354	510.508
726	3,025	689.354	510.508
726.24	3,026	689.354	510.51
726.48	3,027	689.354	510.51
726.72	3,028	689.354	510.51
726.96	3,029	689.354	510.509
727.2	3,030	689.355	510.509
727.44	3,031	689.355	510.509
727.68	3,032	689.355	510.509
727.92	3,033	689.35	510.537
728.16	3,034	689.351	510.529
728.4	3,035	689.352	510.523
728.64	3,036	689.354	510.521
728.88	3,037	689.354	510.518
729.12	3,038	689.354	510.516
729.36	3,039	689.354	510.514
729.6	3,040	689.354	510.513
729.84	3,041	689.354	510.512
730.08	3,042	689.344	510.55
730.32	3,043	689.347	510.538
730.56	3,044	689.35	510.529
730.8	3,045	689.351	510.523
731.04	3,046	689.353	510.519
731.28	3,047	689.353	510.517
731.52	3,048	689.354	510.515
731.76	3,049	689.354	510.515
732	3,050	689.354	510.513
732.24	3,051	688.375	510.515
732.48	3,052	686.626	510.603
732.72	3,053	683.569	510.582
732.96	3,054	678.585	510.588
733.2	3,055	671.354	510.551
733.44	3,056	662.978	510.792
733.68	3,057	652.439	510.816
733.92	3,058	640.072	510.747
734.16	3,059	624.75	511.439
734.4	3,060	607.224	511.456
734.64	3,061	584.267	511.512
734.88	3,062	561.348	511.956
735.12	3,063	536.125	512.471
735.36	3,064	508.678	512.758
735.6	3,065	478.993	513.164
735.84	3,066	442.513	513.58
736.08	3,067	408.576	514.312
736.32	3,068	372.218	514.573
736.56	3,069	346.442	511.585
736.8	3,070	293.245	515.537
737.04	3,071	246.255	516.062
737.28	3,072	198.507	516.443
737.52	3,073	150.618	516.736
737.76	3,074	100.516	517.347
738	3,075	48.163	517.687
738.24	3,076	4.35	514.802
