person-1
t	step	pixel_{x}	pixel_{y}
0	0	938	391
0.24	1	937.987	390.123
0.48	2	938.001	389.746
0.72	3	938.062	390.814
0.96	4	938.111	390.032
1.2	5	937.86	389.828
1.44	6	936.935	389.721
1.68	7	937.623	390.231
1.92	8	938.102	388.802
2.16	9	938.089	389.259
2.4	10	938.067	389.699
2.64	11	937.407	388.629
2.88	12	938	390
3.12	13	937.896	388.364
3.36	14	939.884	387.661
3.6	15	941.246	383.454
3.84	16	942.339	388.314
4.08	17	941.148	389.46
4.32	18	940.673	387.952
4.56	19	939.237	388.496
4.8	20	939.139	388.074
5.04	21	939.115	388.27
5.28	22	939.074	388.168
5.52	23	939.053	388.477
5.76	24	939.017	388.584
6	25	939.008	388.308
6.24	26	938.993	388.195
6.48	27	938.993	388.596
6.72	28	938.976	388.661
6.96	29	938.925	388.773
7.2	30	941	389
7.44	31	941	389
7.68	32	939.074	389.212
7.92	33	939.059	389.075
8.16	34	939.007	388.938
8.4	35	938.971	389.087
8.64	36	938.902	388.677
8.88	37	938.609	389.084
9.12	38	938.769	389.067
9.36	39	938.185	389.177
9.6	40	938.092	389.056
9.84	41	938.17	388.942
10.08	42	941	389
10.32	43	938.276	388.953
10.56	44	938.154	388.718
10.8	45	938.114	389.153
11.04	46	938.745	388.97
11.28	47	938.851	388.99
11.52	48	938.907	389.001
11.76	49	938.94	389.007
12	50	938.96	389.013
12.24	51	938.973	389.015
12.48	52	938.981	389.017
12.72	53	939.004	389.025
12.96	54	939.042	389.12
13.2	55	939.012	389.054
13.44	56	939.009	389.047
13.68	57	938.55	388.789
13.92	58	944.822	382.19
14.16	59	941	389
14.4	60	941	389
14.64	61	941	389
14.88	62	941	389
15.12	63	938.623	388.571
15.36	64	938.321	388.821
15.6	65	937.966	388.355
15.84	66	937.663	388.141
16.08	67	937.305	389.303
16.32	68	937.192	389.28
16.56	69	937.132	389.19
16.8	70	937.223	389.18
17.04	71	937.873	388.128
17.28	72	937.918	388.079
17.52	73	938.117	388.763
17.76	74	938.86	388.115
18	75	939.291	388.273
18.24	76	941	389
18.48	77	941	389
18.72	78	941	389
18.96	79	941	389
19.2	80	938.07	389.321
19.44	81	937.994	389.19
19.68	82	937.86	389.754
19.92	83	938.165	390.301
20.16	84	938.215	390.171
20.4	85	938.114	390.214
20.64	86	937.708	389.804
20.88	87	937.758	390.166
21.12	88	937.812	389.718
21.36	89	937.829	389.204
21.6	90	937.847	389.261
21.84	91	938.022	388.982
22.08	92	937.865	389.055
22.32	93	937.234	389.819
22.56	94	937.111	388.334
22.8	95	938.177	388.897
23.04	96	938.824	388.607
23.28	97	938.835	389.95
23.52	98	938.784	389.659
23.76	99	938.718	390
24	100	938.851	389.21
24.24	101	938.808	390.113
24.48	102	938.738	389.083
24.72	103	938.785	388.97
24.96	104	938.098	389.661
25.2	105	937.763	388.992
25.44	106	937.821	388.945
25.68	107	937.782	389.197
25.92	108	937.83	389.191
26.16	109	937.787	388.35
26.4	110	937.806	388.151
26.64	111	937.216	388.501
26.88	112	937.184	388.619
27.12	113	937.289	389.598
27.36	114	937.172	389.614
27.6	115	937.133	390.195
27.84	116	937.071	390.097
28.08	117	937.054	390.066
28.32	118	937.316	388.402
28.56	119	937.078	390.249
28.8	120	937.021	389.704
29.04	121	937.054	390.655
29.28	122	937.043	390.854
29.52	123	937.034	390.888
29.76	124	937.002	390.716
30	125	937.124	389.551
30.24	126	937.077	389.521
30.48	127	937.072	390.215
30.72	128	937.664	388.741
30.96	129	937.776	388.46
31.2	130	937.889	389.031
31.44	131	937.185	390.016
31.68	132	937.09	390.163
31.92	133	937.171	390.117
32.16	134	937.17	390.319
32.4	135	937.106	390.139
32.64	136	937.083	390.39
32.88	137	937.367	390.363
33.12	138	937.235	390.221
33.36	139	937.282	388.184
33.6	140	937.284	390.174
33.84	141	937.168	390.647
34.08	142	937.128	390.203
34.32	143	937.09	390.137
34.56	144	937.064	390.092
34.8	145	937.042	390.671
35.04	146	937.033	390.801
35.28	147	937.032	390.147
35.52	148	937.026	390.095
35.76	149	937.022	390.068
36	150	936.383	389.093
36.24	151	935.345	388.775
36.48	152	935.158	387.897
36.72	153	934.934	387.89
36.96	154	934.937	387.923
37.2	155	934.978	388.895
37.44	156	935.324	391.09
37.68	157	936.007	392.455
37.92	158	937.156	392.364
38.16	159	939.004	392.299
38.4	160	939.85	391.404
38.64	161	939.903	391.719
38.88	162	939.582	391.841
39.12	163	939.627	390.582
39.36	164	938.72	390.642
39.6	165	938.56	390.568
39.84	166	938.324	392.156
40.08	167	938.268	392.945
40.32	168	938.178	392.951
40.56	169	938.128	392.848
40.8	170	938.11	392.459
41.04	171	938.075	392.284
41.28	172	937.793	391.493
41.52	173	937.848	389.037
41.76	174	937.891	390.732
42	175	937.934	390.836
42.24	176	937.96	390.91
42.48	177	937.977	390.938
42.72	178	937.987	390.962
42.96	179	937.994	390.969
43.2	180	938.279	391.653
43.44	181	938.112	391.173
43.68	182	938.163	391.166
43.92	183	938.244	391.376
44.16	184	938.723	391.174
44.4	185	938.846	391.132
44.64	186	938.949	391.643
44.88	187	939.315	391.814
45.12	188	939.237	391.867
45.36	189	940.06	391.404
45.6	190	941.096	391.772
45.84	191	941.185	392.087
46.08	192	940.769	394.262
46.32	193	941.077	393.725
46.56	194	941.758	396.715
46.8	195	943.183	397.865
47.04	196	944.121	400.601
47.28	197	944.882	403.92
47.52	198	946.665	404.963
47.76	199	948.694	406.217
48	200	950.019	407.606
48.24	201	950.698	408.135
48.48	202	950.991	409.483
48.72	203	952.164	413.339
48.96	204	954.169	413.486
49.2	205	954.232	417.218
49.44	206	954.023	417.909
49.68	207	955.121	419.271
49.92	208	956.297	421.933
50.16	209	957.321	428.522
50.4	210	956.139	431.67
50.64	211	955.975	429.505
50.88	212	955.921	432.156
51.12	213	954.841	437.217
51.36	214	953.163	441.04
51.6	215	952.956	440.049
51.84	216	953.111	442.324
52.08	217	953.12	444.699
52.32	218	951.752	447.457
52.56	219	950.652	451.068
52.8	220	949.91	450.59
53.04	221	949.838	453.362
53.28	222	948.775	454.371
53.52	223	946.965	455.481
53.76	224	943.324	456.824
54	225	942.015	457.451
54.24	226	941.252	460.603
54.48	227	940.879	460.402
54.72	228	940.906	460.776
54.96	229	940.958	461.301
55.2	230	940.751	463.467
55.44	231	939.954	464.043
55.68	232	940.239	465.915
55.92	233	940.892	466.424
56.16	234	941.24	466.862
56.4	235	940.938	467.191
56.64	236	940.897	466.59
56.88	237	940.95	468.072
57.12	238	940.685	467.531
57.36	239	940.218	469.075
57.6	240	941.022	467.134
57.84	241	939.985	469.536
58.08	242	940.68	469.51
58.32	243	941.121	469.738
58.56	244	942.214	470.477
58.8	245	943.058	470.889
59.04	246	943.69	470.739
59.28	247	943.957	471.028
59.52	248	944.316	470.989
59.76	249	945.164	471.658
60	250	946.107	473.033
60.24	251	947.245	473.831
60.48	252	948.989	474.406
60.72	253	950.867	474.497
60.96	254	951.688	474.735
61.2	255	952.87	474.555
61.44	256	952.881	475.539
61.68	257	953.178	475.382
61.92	258	952.896	475.009
62.16	259	952.226	475.374
62.4	260	951.928	475.009
62.64	261	951.886	474.455
62.88	262	951.918	474.287
63.12	263	951.132	474.852
63.36	264	951.091	474.929
63.6	265	951.066	474.963
63.84	266	951.097	475.199
64.08	267	951.041	475.21
64.32	268	950.998	474.872
64.56	269	951.054	475.164
64.8	270	951.375	475.36
65.04	271	951.353	475.379
65.28	272	950.988	475.07
65.52	273	950.363	475.17
65.76	274	950.201	474.929
66	275	950.101	474.972
66.24	276	950.076	474.809
66.48	277	950.051	474.863
66.72	278	950.076	475.248
66.96	279	950.085	475.081
67.2	280	949.895	474.892
67.44	281	949.935	474.913
67.68	282	949.956	474.924
67.92	283	949.971	474.935
68.16	284	949.977	474.945
68.4	285	949.98	474.95
68.64	286	949.952	474.567
68.88	287	949.963	474.692
69.12	288	949.984	474.73
69.36	289	949.987	474.798
69.6	290	949.99	474.842
69.84	291	949.982	474.886
70.08	292	950.016	474.979
70.32	293	950.003	474.965
70.56	294	949.175	475.542
70.8	295	948.561	474.524
71.04	296	948.848	475.097
71.28	297	949.106	475.116
71.52	298	949.072	475.08
71.76	299	949.052	475.056
72	300	949.039	475.036
72.24	301	949.03	475.022
72.48	302	948.895	474.892
72.72	303	948.933	474.92
72.96	304	948.95	474.938
73.2	305	948.963	474.951
73.44	306	948.973	474.96
73.68	307	948.98	474.968
73.92	308	949.113	475.1
74.16	309	949.075	475.066
74.4	310	949.06	475.053
74.64	311	949.048	475.042
74.88	312	949.04	475.033
75.12	313	948.896	474.874
75.36	314	948.936	474.916
75.6	315	948.951	474.931
75.84	316	948.963	474.943
76.08	317	948.972	474.952
76.32	318	948.98	474.959
76.56	319	948.982	474.959
76.8	320	948.983	474.959
77.04	321	948.983	474.959
77.28	322	948.983	474.959
77.52	323	949.132	475.131
77.76	324	949.082	475.081
78	325	949.066	475.067
78.24	326	949.052	475.054
78.48	327	949.043	475.044
78.72	328	949.035	475.036
78.96	329	949.033	475.035
79.2	330	949.067	475.325
79.44	331	949.073	475.246
79.68	332	949.06	475.188
79.92	333	949.247	475.269
80.16	334	949.146	475.052
80.4	335	948.998	474.947
80.64	336	949	474.968
80.88	337	949.001	474.979
81.12	338	949.001	474.987
81.36	339	949.002	474.991
81.6	340	949.002	474.997
81.84	341	949.2	475.278
82.08	342	948.985	474.98
82.32	343	948.989	474.985
82.56	344	948.99	474.987
82.8	345	948.991	474.987
83.04	346	948.991	475.004
83.28	347	948.994	475.045
83.52	348	949.01	475.092
83.76	349	949.005	475.065
84	350	948.992	474.983
84.24	351	948.994	474.989
84.48	352	948.995	474.99
84.72	353	948.995	474.992
84.96	354	948.996	474.993
85.2	355	948.996	474.994
85.44	356	949.009	474.973
85.68	357	948.996	474.978
85.92	358	949.027	475.012
86.16	359	948.96	475.086
86.4	360	949.842	474.507
86.64	361	949.965	474.183
86.88	362	950.154	473.948
87.12	363	949.774	473.622
87.36	364	949.743	472.675
87.6	365	949.868	473.291
87.84	366	950.068	473.689
88.08	367	950.201	473.121
88.32	368	949.891	472.551
88.56	369	949.938	473.231
88.8	370	949.948	473.204
89.04	371	949.966	473.156
89.28	372	950.017	473.072
89.52	373	949.974	472.882
89.76	374	949.975	472.91
90	375	949.94	473.707
90.24	376	949.934	473.83
90.48	377	949.942	473.899
90.72	378	949.956	473.941
90.96	379	950.03	473.942
91.2	380	949.886	473.939
91.44	381	949.912	473.946
91.68	382	950.054	473.954
91.92	383	950.136	473.922
92.16	384	950.062	474.054
92.4	385	950.035	474.023
92.64	386	950.017	474.002
92.88	387	950.005	473.988
93.12	388	949.949	473.989
93.36	389	949.959	473.979
93.6	390	949.965	473.973
93.84	391	949.969	473.969
94.08	392	949.972	473.966
94.32	393	949.974	473.962
94.56	394	949.975	473.961
94.8	395	949.975	473.961
95.04	396	949.975	473.961
95.28	397	949.975	473.961
95.52	398	950.114	474.163
95.76	399	949.992	474.092
96	400	949.965	473.979
96.24	401	949.964	473.978
96.48	402	949.964	473.975
96.72	403	949.964	473.974
96.96	404	949.964	473.974
97.2	405	949.965	473.968
97.44	406	949.965	473.968
97.68	407	949.965	473.968
97.92	408	949.966	473.968
98.16	409	949.966	473.968
98.4	410	949.966	473.968
98.64	411	949.966	473.968
98.88	412	949.966	473.972
99.12	413	949.963	474.288
99.36	414	950.072	474.441
99.6	415	950.049	474.988
99.84	416	950.006	474.805
100.08	417	950.122	473.609
100.32	418	950.099	473.926
100.56	419	950.05	473.922
100.8	420	950.082	475.581
101.04	421	950.24	474.122
101.28	422	950.406	474.077
101.52	423	950.299	473.762
101.76	424	950.21	472.829
102	425	950.204	473.661
102.24	426	950.769	473.786
102.48	427	950.843	473.35
102.72	428	951.013	473.326
102.96	429	950.998	473.198
103.2	430	950.867	473.015
103.44	431	950.799	473.676
103.68	432	951.216	476.437
103.92	433	951.121	474.366
104.16	434	950.435	474.329
104.4	435	950.032	475.138
104.64	436	949.935	474.754
104.88	437	949.927	474.868
105.12	438	949.938	474.912
105.36	439	949.943	474.928
105.6	440	949.948	474.936
105.84	441	949.951	474.939
106.08	442	949.953	474.941
106.32	443	949.966	475.369
106.56	444	949.965	475.195
106.8	445	949.967	475.121
107.04	446	949.968	475.067
107.28	447	950.19	475
107.52	448	950.277	475.123
107.76	449	950.597	475.131
108	450	950.85	475.04
108.24	451	950.879	474.901
108.48	452	951.29	475.756
108.72	453	951.262	475.812
108.96	454	951.221	476.138
109.2	455	952.089	476.272
109.44	456	952.165	476.509
109.68	457	951.92	475.799
109.92	458	950.047	475.375
110.16	459	948.055	472.169
110.4	460	944.792	472.569
110.64	461	939.956	473.291
110.88	462	931.13	471.974
111.12	463	923.558	472.396
111.36	464	915.817	471.506
111.6	465	907.719	467.84
111.84	466	900.099	470.043
112.08	467	895.162	467.345
112.32	468	883.15	469.566
112.56	469	871.5	467
112.8	470	866.845	468.216
113.04	471	858.186	469.344
113.28	472	848.02	468.081
113.52	473	839.861	468.938
113.76	474	830.303	467.889
114	475	822.883	468.292
114.24	476	814.555	469.307
114.48	477	805.795	472.618
114.72	478	797.942	469.717
114.96	479	787.16	468.044
115.2	480	787.312	468.192
115.44	481	773.5	468
115.68	482	758.5	468
115.92	483	747.5	468
116.16	484	734.5	468
116.4	485	725.5	468
116.64	486	717.5	471
116.88	487	715.538	468.042
117.12	488	702.901	466.499
117.36	489	691.5	467
117.6	490	682.634	464.785
117.84	491	673.573	465.037
118.08	492	665.457	463.249
118.32	493	655.579	463.834
118.56	494	645.592	464.02
118.8	495	637.539	463.922
119.04	496	629.497	464.075
119.28	497	621.416	464.163
119.52	498	609.789	463.765
119.76	499	601.715	464.519
120	500	592.433	465.404
120.24	501	584.46	464.153
120.48	502	575.491	465.03
120.72	503	565.768	463.971
120.96	504	555.685	464.867
121.2	505	548.433	465.046
121.44	506	540.499	465.117
121.68	507	530.659	467.619
121.92	508	525.003	462.086
122.16	509	513.536	461.64
122.4	510	506.277	461.311
122.64	511	497.69	462.568
122.88	512	489.712	462.766
123.12	513	482.081	463.283
123.36	514	471.905	463.275
123.6	515	464.397	463.77
123.84	516	457.338	463.167
124.08	517	449.385	463.616
124.32	518	441.367	467
124.56	519	429.534	463.894
124.8	520	421.682	463.306
125.04	521	412.748	465.246
125.28	522	404.695	464.596
125.52	523	394.615	466.029
125.76	524	384.383	462.737
126	525	376.479	464.097
126.24	526	367.34	462.941
126.48	527	358.613	463.976
126.72	528	348.52	462.361
126.96	529	340.176	462.239
127.2	530	330.595	461.737
127.44	531	324.165	463.051
127.68	532	316.254	462.801
127.92	533	309.207	461.915
128.16	534	301.446	461.44
128.4	535	293.263	461.044
128.64	536	287.082	461.46
128.88	537	280.444	461.665
129.12	538	273.054	461.16
129.36	539	267.725	461.556
129.6	540	258.667	460.047
129.84	541	252.785	459.748
130.08	542	247.613	461.916
130.32	543	239.981	461.536
130.56	544	234.497	461.602
130.8	545	226.46	461.437
131.04	546	220.423	461.869
131.28	547	214.817	461.681
131.52	548	195.426	474.903
131.76	549	190.323	474.192
132	550	185.276	474.491
132.24	551	177.44	475.247
132.48	552	173.116	476.024
132.72	553	169.991	475.739
132.96	554	164.649	475.334
133.2	555	160.246	476.581
133.44	556	156.555	475.032
133.68	557	151.184	472.247
133.92	558	144.813	476.591
134.16	559	142.851	473.996
134.4	560	141.641	472.404
134.64	561	139.706	473.211
134.88	562	138.257	473.462
135.12	563	136.568	473.489
135.36	564	135.181	473.042
135.6	565	133.863	472.996
135.84	566	132.901	472.96
136.08	567	132.835	472.933
136.32	568	133.276	472.915
136.56	569	133.377	473.121
136.8	570	133.105	473.029
137.04	571	133.272	473.035
137.28	572	132.659	473.045
137.52	573	132.631	473.09
137.76	574	132.595	472.814
138	575	132.564	472.888
138.24	576	132.546	472.929
138.48	577	133.236	472.939
138.72	578	133.333	472.96
138.96	579	133.38	472.976
139.2	580	133.55	473.152
139.44	581	132.576	473.079
139.68	582	133.115	473.194
139.92	583	132.629	473.069
140.16	584	132.46	473.029
140.4	585	131.959	472.988
140.64	586	131.793	473.148
140.88	587	131.645	473.579
141.12	588	132.584	473.595
141.36	589	133.266	473.814
141.6	590	134.284	473.871
141.84	591	133.81	473.994
142.08	592	134.264	473.962
142.32	593	134.371	474.037
142.56	594	134.395	474.008
142.8	595	133.908	474.093
143.04	596	133.655	473.932
143.28	597	133.371	474.096
143.52	598	133.312	474.02
143.76	599	133.366	474.021
144	600	133.328	473.832
144.24	601	132.666	474.123
144.48	602	131.272	474.203
144.72	603	145.263	499.93
144.96	604	145.337	499.932
145.2	605	145.618	500.07
145.44	606	145.195	500.258
145.68	607	143.247	500.624
145.92	608	141.279	500.744
146.16	609	140.758	500.944
146.4	610	140.697	500.943
146.64	611	141.234	500.939
146.88	612	141.325	500.95
147.12	613	141.375	500.957
147.36	614	141.41	500.964
147.6	615	141.433	500.968
147.84	616	141.45	500.971
148.08	617	141.454	500.973
148.32	618	141.802	500.971
148.56	619	141.669	500.973
148.8	620	141.709	500.96
149.04	621	141.662	500.965
149.28	622	141.701	500.987
149.52	623	141.64	500.993
149.76	624	141.598	500.983
150	625	141.493	501.054
150.24	626	141.545	501.065
150.48	627	141.538	501.033
150.72	628	141.524	501.033
150.96	629	141.516	501.022
151.2	630	141.51	501.016
151.44	631	141.506	501.011
151.68	632	141.503	501.01
151.92	633	141.501	501.009
152.16	634	141.5	501.01
152.4	635	141.5	501.011
152.64	636	141.5	501.011
152.88	637	141.5	501.015
153.12	638	141.5	501.014
153.36	639	141.5	501.014
153.6	640	141.5	501.014
153.84	641	141.5	501.015
154.08	642	141.5	501.015
154.32	643	141.5	501.011
154.56	644	141.5	501.011
154.8	645	141.5	501.011
155.04	646	141.007	501.032
155.28	647	141.232	501.025
155.52	648	141.558	501.006
155.76	649	141.541	501.003
156	650	141.537	501.004
156.24	651	141.534	501.004
156.48	652	141.533	501.004
156.72	653	141.533	501.003
156.96	654	141.533	501.003
157.2	655	141.533	501.003
157.44	656	141.533	501.003
157.68	657	141.533	501.003
157.92	658	141.532	501.003
158.16	659	141.532	501.003
158.4	660	141.532	501.003
158.64	661	141.532	501.003
158.88	662	141.532	501.003
159.12	663	141.532	501.003
159.36	664	141.532	501.003
159.6	665	141.532	501.003
159.84	666	141.532	501.003
160.08	667	141.087	501.011
160.32	668	141.584	501.001
160.56	669	141.555	500.998
160.8	670	141.541	500.996
161.04	671	141.536	500.995
161.28	672	141.532	500.994
161.52	673	141.531	500.995
161.76	674	141.531	500.994
162	675	141.531	500.997
162.24	676	141.267	500.993
162.48	677	141.375	500.992
162.72	678	141.413	500.997
162.96	679	141.435	500.993
163.2	680	141.624	501.039
163.44	681	141.578	501.024
163.68	682	141.573	501.016
163.92	683	142.5	502
164.16	684	140.5	501
164.4	685	140.5	502
164.64	686	140.5	503
164.88	687	139.5	502
165.12	688	130.462	480.755
165.36	689	126.59	462.294
165.6	690	123.227	462.967
165.84	691	121.313	463.024
166.08	692	118.899	463.384
166.32	693	114.583	463.473
166.56	694	109.109	463.004
166.8	695	101.473	463.312
167.04	696	92.327	463.757
167.28	697	86.664	463.357
167.52	698	84.132	463.122
167.76	699	82.533	461.382
168	700	81.631	460.012
168.24	701	81.075	459.001
168.48	702	81.491	458.04
168.72	703	81.5	456
168.96	704	93.716	442.051
169.44	706	92.849	441.783
169.68	707	93.655	441.809
169.92	708	94.527	442.796
170.16	709	94.905	442.85
170.4	710	94.83	442.895
170.64	711	94.711	442.939
170.88	712	94.441	443.087
171.12	713	94.468	443.058
171.36	714	94.338	443.124
171.6	715	94.138	443.183
171.84	716	94.29	443.109
172.08	717	94.357	443.078
172.32	718	94.397	443.058
172.56	719	94.423	443.044
172.8	720	94.436	443.037
173.04	721	94.32	442.37
173.28	722	92.546	440.825
173.52	723	93.596	441.814
173.76	724	93.781	441.612
174	725	94.428	442.015
174.24	726	93.717	441.34
174.48	727	93.665	441.24
174.72	728	93.574	441.325
174.96	729	93.56	441.217
175.2	730	93.511	441.112
175.44	731	93.551	441.08
175.68	732	93.74	440.792
175.92	733	94.368	440.716
176.16	734	94.652	441.672
176.4	735	94.562	442.121
176.64	736	94.557	441.814
176.88	737	94.645	441.804
177.12	738	94.573	441.355
177.36	739	94.492	441.272
177.6	740	94.217	441.242
177.84	741	94.274	441.031
178.08	742	93.928	440.928
178.32	743	93.833	440.071
178.56	744	93.65	440.076
178.8	745	93.648	440.013
179.04	746	93.611	440.004
179.28	747	93.621	439.825
179.52	748	93.43	439.21
179.76	749	93.375	439.05
180	750	94.534	439.996
180.24	751	94.379	440.254
180.48	752	94.429	440.207
180.72	753	94.44	440.087
180.96	754	93.934	439.88
181.2	755	93.601	439.199
181.44	756	93.599	439.111
181.68	757	93.554	439.092
181.92	758	93.566	439.026
182.16	759	93.532	439.033
182.4	760	93.53	439.02
182.64	761	93.527	439.016
182.88	762	93.513	438.992
183.12	763	93.512	438.998
183.36	764	93.52	438.998
183.6	765	93.518	439.001
183.84	766	93.519	439.003
184.08	767	93.519	439.005
184.32	768	93.518	439.006
184.56	769	93.518	439.007
184.8	770	93.518	439.008
185.04	771	93.518	439.008
185.28	772	93.514	439.024
185.52	773	93.513	439.021
185.76	774	93.513	439.02
186	775	93.513	439.018
186.24	776	93.516	439.018
186.48	777	93.516	439.017
186.72	778	93.518	439.009
186.96	779	93.516	439.011
187.2	780	93.516	439.011
187.44	781	93.518	439.011
187.68	782	93.518	439.011
187.92	783	93.469	439.453
188.16	784	93.754	439.106
188.4	785	93.434	439.254
188.64	786	93.456	439.16
188.88	787	93.517	438.881
189.12	788	93.586	443.451
189.36	789	93.586	443.451
189.6	790	93.845	439.634
189.84	791	93.164	439.453
190.08	792	93.593	439.229
190.32	793	93.588	439.109
190.56	794	93.235	439.198
190.8	795	93.31	439.143
191.04	796	93.379	439.086
191.28	797	93.42	439.052
191.52	798	93.444	439.035
191.76	799	93.46	439.023
192	800	93.522	438.703
192.24	801	93.528	438.783
192.48	802	93.518	438.84
192.72	803	93.512	438.88
192.96	804	93.512	438.903
193.2	805	93.507	438.924
193.44	806	93.381	439.093
193.68	807	93.141	439.044
193.92	808	92.889	437.953
194.16	809	92.736	437.953
194.4	810	92.654	437.963
194.64	811	92.6	437.971
194.88	812	92.571	437.979
195.12	813	92.551	437.983
195.36	814	92.481	438.14
195.6	815	92.542	437.802
195.84	816	92.563	437.784
196.08	817	92.547	437.84
196.32	818	92.538	437.87
196.56	819	92.53	437.906
196.8	820	92.523	437.931
197.04	821	92.522	437.936
197.28	822	92.519	437.948
197.52	823	92.522	437.926
197.76	824	92.518	437.949
198	825	92.517	437.949
198.24	826	92.517	437.949
198.48	827	92.517	437.949
198.72	828	92.519	437.935
198.96	829	93.772	437.714
199.2	830	92.862	437.541
199.44	831	92.612	437.1
199.68	832	92.825	437.562
199.92	833	92.259	437.344
200.16	834	92.337	438.258
200.4	835	92.393	438.154
200.64	836	92.428	438.115
200.88	837	91.673	438.028
201.12	838	91.614	437.494
201.36	839	90.759	436.502
201.6	840	91.602	437.068
201.84	841	91.38	437.373
202.08	842	91.426	437.219
202.32	843	93.454	437.734
202.56	844	92.547	437.78
202.8	845	91.539	437.162
203.04	846	91.524	437.113
203.28	847	92.218	437.981
203.52	848	91.353	437.455
203.76	849	91.437	437.732
204	850	91.721	437.519
204.24	851	91.23	437.37
204.48	852	91.424	437.19
204.72	853	91.466	437.405
204.96	854	91.477	437.255
205.2	855	91.485	437.149
205.44	856	91.287	437.097
205.68	857	92.631	436.853
205.92	858	91.577	436.899
206.16	859	91.554	436.927
206.4	860	91.541	436.946
206.64	861	91.532	436.958
206.88	862	91.527	436.965
207.12	863	91.523	436.97
207.36	864	91.52	436.974
207.6	865	91.519	436.976
207.84	866	91.519	436.977
208.08	867	91.519	436.977
208.32	868	91.519	436.977
208.56	869	91.519	436.977
208.8	870	91.519	436.977
209.04	871	91.519	436.977
209.28	872	91.519	436.977
209.52	873	91.519	436.977
209.76	874	91.519	436.977
210	875	92.217	437.939
210.24	876	92.389	437.842
210.48	877	92.393	438.15
210.72	878	92.485	437.797
210.96	879	92.49	437.862
211.2	880	92.464	439.522
211.44	881	93.435	438.093
211.68	882	91.341	440.644
211.92	883	90.78	441.206
212.16	884	90.218	440.083
212.4	885	91.5	440
212.64	886	89.5	440.5
212.88	887	90.5	441.5
213.12	888	90.5	441.5
213.36	889	88	441
213.6	890	88	440.5
213.84	891	87	442
214.08	892	90	439.5
214.32	893	89.5	441
214.56	894	88.5	441
214.8	895	90	442
215.04	896	89.5	441.5
215.28	897	106.24	475.105
215.52	898	105.05	473.517
215.76	899	105.843	473.12
216	900	105.447	473.517
216.24	901	106.24	474.708
216.48	902	105.447	473.914
216.72	903	105.843	473.914
216.96	904	104.653	474.311
217.2	905	104.653	473.12
217.44	906	104.653	473.517
217.68	907	104.256	473.517
217.92	908	106.24	473.12
218.16	909	104.653	473.517
218.4	910	105.05	475.105
218.64	911	104.653	473.12
218.88	912	104.883	472.509
219.12	913	104.808	472.394
219.36	914	104.768	472.326
219.6	915	104.736	472.277
219.84	916	104.767	472.737
220.08	917	104.765	472.099
220.32	918	104.687	472.109
220.56	919	104.665	472.119
220.8	920	104.621	472.526
221.04	921	104.634	472.399
221.28	922	104.645	472.315
221.52	923	104.651	472.263
221.76	924	104.653	472.196
222	925	104.66	472.182
222.24	926	104.659	472.172
222.48	927	104.665	472.167
222.72	928	104.667	472.166
222.96	929	104.964	472.808
223.2	930	105.49	472.426
223.44	931	104.959	472.251
223.68	932	105.5	472.249
223.92	933	105.542	472.21
224.16	934	105.574	472.187
224.4	935	105.654	471.744
224.64	936	105.627	472.196
224.88	937	105.636	472.178
225.12	938	105.643	472.168
225.36	939	105.691	471.775
225.6	940	105.683	471.904
225.84	941	105.649	472.236
226.08	942	105.658	472.205
226.32	943	105.704	472.872
226.56	944	105.151	472.187
226.8	945	105.605	472.212
227.04	946	105.624	472.197
227.28	947	105.633	472.184
227.52	948	105.538	472.234
227.76	949	105.57	472.189
228	950	105.595	472.166
228.24	951	105.612	472.156
228.48	952	105.594	472.748
228.72	953	105.612	472.244
228.96	954	105.623	472.198
229.2	955	105.615	472.192
229.44	956	105.669	472.153
229.68	957	105.749	472.278
229.92	958	105.732	472.169
230.16	959	106.008	472.218
230.4	960	105.882	472.185
230.64	961	105.812	472.166
230.88	962	105.764	472.152
231.12	963	105.721	472.147
231.36	964	105.699	472.142
231.6	965	105.689	472.141
231.84	966	105.687	472.141
232.08	967	105.684	472.141
232.32	968	105.681	472.141
232.56	969	105.681	472.141
232.8	970	105.681	472.141
233.04	971	105.681	472.141
233.28	972	105.68	472.141
233.52	973	105.68	472.141
233.76	974	105.681	472.142
234	975	105.68	472.142
234.24	976	105.68	472.141
234.48	977	105.68	472.14
234.72	978	105.68	472.14
234.96	979	105.681	472.142
235.2	980	105.681	472.142
235.44	981	105.681	472.142
235.68	982	105.681	472.142
235.92	983	105.681	472.142
236.16	984	105.681	472.142
236.4	985	105.69	472.142
236.64	986	105.689	472.143
236.88	987	105.687	472.143
237.12	988	105.682	472.141
237.36	989	105.701	472.147
237.6	990	105.693	472.145
237.84	991	105.326	472.157
238.08	992	105.755	472.586
238.32	993	105.713	472.449
238.56	994	105.707	472.357
238.8	995	105.702	472.299
239.04	996	105.7	472.259
239.28	997	105.696	472.229
239.52	998	105.696	472.212
239.76	999	105.697	472.2
240	1,000	104.807	472.234
240.24	1,001	104.715	472.244
240.48	1,002	104.698	472.21
240.72	1,003	104.682	472.188
240.96	1,004	104.67	472.173
241.2	1,005	104.663	472.161
241.44	1,006	104.657	472.153
241.68	1,007	104.653	472.148
241.92	1,008	105.192	472.156
242.16	1,009	105.362	472.151
242.4	1,010	105.442	472.148
242.64	1,011	105.499	472.143
242.88	1,012	105.537	472.14
243.12	1,013	105.563	472.139
243.36	1,014	105.567	472.138
243.6	1,015	105.571	472.137
243.84	1,016	105.571	472.137
244.08	1,017	105.571	472.137
244.32	1,018	105.571	472.137
244.56	1,019	105.571	472.137
244.8	1,020	105.571	472.137
245.04	1,021	105.571	472.137
245.28	1,022	105.571	472.137
245.52	1,023	104.826	472.127
245.76	1,024	104.743	472.129
246	1,025	104.73	472.129
246.24	1,026	104.719	472.129
246.48	1,027	104.71	472.13
246.72	1,028	104.701	472.13
246.96	1,029	104.701	472.13
247.2	1,030	104.701	472.13
247.44	1,031	104.701	472.13
247.68	1,032	104.701	472.13
247.92	1,033	104.701	472.13
248.16	1,034	104.701	472.13
248.4	1,035	104.701	472.13
248.64	1,036	104.701	472.13
248.88	1,037	104.701	472.13
249.12	1,038	104.701	472.13
249.36	1,039	104.701	472.13
249.6	1,040	104.701	472.13
249.84	1,041	104.701	472.13
250.08	1,042	105.037	472.133
250.32	1,043	104.936	472.14
250.56	1,044	104.86	472.141
250.8	1,045	104.801	472.142
251.04	1,046	104.761	472.142
251.28	1,047	104.732	472.142
251.52	1,048	104.725	472.142
251.76	1,049	104.719	472.141
252	1,050	104.718	472.141
252.24	1,051	104.716	472.141
252.48	1,052	104.716	472.141
252.72	1,053	104.716	472.141
252.96	1,054	104.716	472.141
253.2	1,055	104.716	472.141
253.44	1,056	104.716	472.141
253.68	1,057	104.714	471.733
253.92	1,058	104.597	471.594
254.16	1,059	104.484	472.011
254.4	1,060	104.628	473.013
254.64	1,061	104.82	472.476
254.88	1,062	104.768	472.399
255.12	1,063	104.794	473.365
255.36	1,064	104.827	472.358
255.6	1,065	104.772	472.304
255.84	1,066	104.674	472.865
256.08	1,067	104.668	472.924
256.32	1,068	104.666	472.965
256.56	1,069	104.663	472.998
256.8	1,070	104.661	473.027
257.04	1,071	104.662	473.052
257.28	1,072	105.169	472.865
257.52	1,073	105.35	472.941
257.76	1,074	105.399	472.957
258	1,075	105.488	473.01
258.24	1,076	105.649	473.337
258.48	1,077	105.651	473.275
258.72	1,078	105.664	473.295
258.96	1,079	105.656	473.273
259.2	1,080	105.583	473.899
259.44	1,081	105.681	473.31
259.68	1,082	105.663	473.245
259.92	1,083	105.661	473.241
260.16	1,084	105.662	472.36
260.4	1,085	105.652	472.322
260.64	1,086	105.102	472.278
260.88	1,087	104.974	472.2
261.12	1,088	105.553	473.159
261.36	1,089	105.569	473.165
261.6	1,090	105.58	473.164
261.84	1,091	105.586	473.165
262.08	1,092	105.589	473.168
262.32	1,093	105.59	473.169
262.56	1,094	105.584	473.167
262.8	1,095	105.584	473.167
263.04	1,096	105.583	473.167
263.28	1,097	105.599	473.175
263.52	1,098	105.586	473.169
263.76	1,099	105.59	473.169
264	1,100	105.59	473.169
264.24	1,101	105.59	473.169
264.48	1,102	105.59	473.169
264.72	1,103	105.59	473.169
264.96	1,104	105.59	473.169
265.2	1,105	105.59	473.169
265.44	1,106	105.59	473.169
265.68	1,107	105.59	473.169
265.92	1,108	105.59	473.169
266.16	1,109	105.59	473.169
266.4	1,110	105.59	473.169
266.64	1,111	105.59	473.169
266.88	1,112	105.607	472.725
267.12	1,113	104.996	472.833
267.36	1,114	104.874	472.912
267.6	1,115	104.825	472.968
267.84	1,116	104.788	473.01
268.08	1,117	104.764	473.043
268.32	1,118	104.75	473.053
268.56	1,119	104.781	473.055
268.8	1,120	104.766	473.055
269.04	1,121	104.766	473.055
269.28	1,122	104.766	473.055
269.52	1,123	104.766	473.055
269.76	1,124	104.766	473.055
270	1,125	105.936	472.64
270.24	1,126	104.3	459.981
270.48	1,127	99.943	455.79
270.72	1,128	99.857	456.403
270.96	1,129	99.535	456.398
271.2	1,130	100.046	456.713
271.44	1,131	99.773	456.989
271.68	1,132	99.748	457.055
271.92	1,133	99.924	457.04
272.16	1,134	99.855	457.076
272.4	1,135	99.814	457.096
272.64	1,136	99.784	457.107
272.88	1,137	99.763	457.114
273.12	1,138	99.751	457.119
273.36	1,139	100.077	457.12
273.6	1,140	99.964	457.121
273.84	1,141	99.73	457.12
274.08	1,142	99.732	457.121
274.32	1,143	99.947	457.126
274.56	1,144	99.723	457.125
274.8	1,145	99.729	457.126
275.04	1,146	99.734	457.126
275.28	1,147	99.736	457.127
275.52	1,148	99.736	457.127
275.76	1,149	99.737	457.127
276	1,150	99.737	457.127
276.24	1,151	99.737	457.127
276.48	1,152	99.737	457.127
276.72	1,153	100.006	457.106
276.96	1,154	99.928	457.112
277.2	1,155	99.871	457.116
277.44	1,156	99.827	457.12
277.68	1,157	99.796	457.123
277.92	1,158	99.774	457.125
278.16	1,159	99.774	457.125
278.4	1,160	99.774	457.125
278.64	1,161	99.765	457.346
278.88	1,162	100.614	457.3
279.12	1,163	103.688	455.873
279.36	1,164	100.57	457.255
279.6	1,165	100.635	457.231
279.84	1,166	100.846	457.116
280.08	1,167	100.953	457.024
280.32	1,168	100.875	457.073
280.56	1,169	100.837	457.107
280.8	1,170	100.789	457.12
281.04	1,171	100.754	457.128
281.28	1,172	100.735	457.132
281.52	1,173	100.658	457.135
281.76	1,174	100.734	457.136
282	1,175	100.822	456.217
282.24	1,176	101.263	456.152
282.48	1,177	101.863	456.07
282.72	1,178	101.06	456.307
282.96	1,179	101.104	457.036
283.2	1,180	101.309	458.19
283.44	1,181	100.654	457.467
283.68	1,182	100.749	457.375
283.92	1,183	100.737	457.306
284.16	1,184	100.725	457.257
284.4	1,185	100.716	457.228
284.64	1,186	100.711	457.215
284.88	1,187	100.703	457.2
285.12	1,188	100.697	457.191
285.36	1,189	100.692	457.187
285.6	1,190	100.689	457.185
285.84	1,191	100.686	457.184
286.08	1,192	100.686	457.184
286.32	1,193	100.596	457.203
286.56	1,194	100.62	457.197
286.8	1,195	100.633	457.194
287.04	1,196	100.643	457.191
287.28	1,197	100.837	456.994
287.52	1,198	100.803	457.064
287.76	1,199	100.631	457.235
288	1,200	100.489	457.324
288.24	1,201	100.463	458.199
288.48	1,202	100.544	458.188
288.72	1,203	100.596	458.176
288.96	1,204	100.628	458.167
289.2	1,205	100.597	458.253
289.44	1,206	100.624	458.227
289.68	1,207	100.638	458.206
289.92	1,208	100.747	458.177
290.16	1,209	100.691	458.57
290.4	1,210	100.675	458.39
290.64	1,211	100.673	458.282
290.88	1,212	100.673	458.219
291.12	1,213	100.668	458.188
291.36	1,214	100.67	458.167
291.6	1,215	100.87	458.175
291.84	1,216	100.803	458.161
292.08	1,217	100.766	458.153
292.32	1,218	100.73	458.147
292.56	1,219	100.714	458.142
292.8	1,220	100.796	458.148
293.04	1,221	100.693	458.14
293.28	1,222	100.969	458.156
293.52	1,223	101.56	458.134
293.76	1,224	101.047	458.141
294	1,225	100.647	458.123
294.24	1,226	100.661	458.127
294.48	1,227	100.664	458.128
294.72	1,228	100.451	458.121
294.96	1,229	100.52	458.124
295.2	1,230	100.66	458.128
295.44	1,231	100.66	458.127
295.68	1,232	100.673	458.125
295.92	1,233	100.674	458.125
296.16	1,234	100.672	458.125
296.4	1,235	100.838	458.134
296.64	1,236	100.558	458.117
296.88	1,237	100.694	458.125
297.12	1,238	100.703	458.121
297.36	1,239	100.591	458.112
297.6	1,240	100.618	458.114
297.84	1,241	100.636	458.116
298.08	1,242	100.855	458.103
298.32	1,243	100.684	458.098
298.56	1,244	100.356	458.181
298.8	1,245	99.513	458.75
299.04	1,246	100.4	458.203
299.28	1,247	100.131	458.424
299.52	1,248	100.537	458.077
299.76	1,249	100.592	458.093
300	1,250	100.171	459.115
300.24	1,251	100.718	459.084
300.48	1,252	100.598	459.122
300.72	1,253	100.669	459.088
300.96	1,254	100.679	459.103
301.2	1,255	100.684	459.11
301.44	1,256	100.575	461.432
301.68	1,257	104.443	460.811
301.92	1,258	100.661	459.954
302.16	1,259	100.731	459.374
302.4	1,260	100.981	459.194
302.64	1,261	101.329	458.998
302.88	1,262	101.299	460.042
303.12	1,263	100.67	459.045
303.36	1,264	101.948	458.651
303.6	1,265	106.688	455.97
303.84	1,266	103.058	460.148
304.08	1,267	102.978	459.288
304.32	1,268	102.967	459.239
304.56	1,269	102.268	460.041
304.8	1,270	102.047	460.083
305.04	1,271	103.203	459.069
305.28	1,272	98.656	459.345
305.52	1,273	101.777	460.463
305.76	1,274	102.027	460.239
306	1,275	101.874	460.214
306.24	1,276	101.719	460.194
306.48	1,277	101.719	460.181
306.72	1,278	101.733	460.145
306.96	1,279	101.684	460.338
307.2	1,280	101.688	460.329
307.44	1,281	101.736	460.345
307.68	1,282	101.727	460.582
307.92	1,283	101.704	460.432
308.16	1,284	101.692	460.337
308.4	1,285	101.576	460.293
308.64	1,286	101.652	460.247
308.88	1,287	101.623	460.218
309.12	1,288	101.477	460.342
309.36	1,289	101.465	460.321
309.6	1,290	101.541	460.259
309.84	1,291	101.63	459.929
310.08	1,292	101.656	460.029
310.32	1,293	101.634	460.413
310.56	1,294	102.112	460.77
310.8	1,295	101.826	460.836
311.04	1,296	101.927	460.589
311.28	1,297	101.857	460.402
311.52	1,298	101.868	460.043
311.76	1,299	102.506	461.055
312	1,300	99.588	453.432
312.24	1,301	100.978	457.838
312.48	1,302	101.101	457.909
312.72	1,303	100.938	459.27
312.96	1,304	100.851	459.222
313.2	1,305	100.799	459.154
313.44	1,306	100.76	459.141
313.68	1,307	101.609	458.84
313.92	1,308	101.709	458.069
314.16	1,309	100.292	459.338
314.4	1,310	100.599	460.588
314.64	1,311	100.641	460.635
314.88	1,312	100.406	459.534
315.12	1,313	100.855	459.222
315.36	1,314	101.08	461.213
315.6	1,315	101.874	460.022
315.84	1,316	100.684	459.625
316.08	1,317	100.287	458.434
316.32	1,318	100.684	459.625
316.56	1,319	100.287	460.419
316.8	1,320	100.153	460.32
317.04	1,321	100.558	460.342
317.28	1,322	100.479	460.373
317.52	1,323	100.43	460.391
317.76	1,324	103.539	459.854
318	1,325	105.046	457.624
318.24	1,326	103.207	459.808
318.48	1,327	102.345	460.136
318.72	1,328	102.139	460.253
318.96	1,329	102.557	459.287
319.2	1,330	107.603	459.15
319.44	1,331	104.282	458.281
319.68	1,332	99.124	460.207
319.92	1,333	99.086	460.342
320.16	1,334	99.023	459.363
320.4	1,335	100.026	461.081
320.64	1,336	102.531	460.623
320.88	1,337	102.334	460.355
321.12	1,338	102.47	460.5
321.36	1,339	102.329	460.478
321.6	1,340	102.454	460.462
321.84	1,341	103.54	459.533
322.08	1,342	102.972	458.503
322.32	1,343	102.261	460.248
322.56	1,344	102.433	460.302
322.8	1,345	102.416	460.342
323.04	1,346	102.401	460.364
323.28	1,347	102.394	460.377
323.52	1,348	102.325	460.377
323.76	1,349	102.321	460.5
324	1,350	102.337	460.467
324.24	1,351	102.345	460.447
324.48	1,352	102.348	460.433
324.72	1,353	102.384	460.697
324.96	1,354	102.371	460.59
325.2	1,355	102.362	460.535
325.44	1,356	102.355	460.497
325.68	1,357	102.35	460.474
325.92	1,358	102.345	460.457
326.16	1,359	102.344	460.449
326.4	1,360	102.354	460.246
326.64	1,361	102.351	460.308
326.88	1,362	102.349	460.32
327.12	1,363	102.213	460.464
327.36	1,364	101.835	461.005
327.6	1,365	101.979	461.172
327.84	1,366	101.828	461.235
328.08	1,367	101.973	461.292
328.32	1,368	102.437	461.264
328.56	1,369	102.397	461.334
328.8	1,370	102.367	461.364
329.04	1,371	102.355	461.384
329.28	1,372	102.335	461.392
329.52	1,373	102.324	461.398
329.76	1,374	102.317	461.399
330	1,375	102.176	460.424
330.24	1,376	102.117	460.596
330.48	1,377	102.071	460.432
330.72	1,378	102.213	460.586
330.96	1,379	102.142	460.375
331.2	1,380	102.195	460.392
331.44	1,381	102.213	460.394
331.68	1,382	102.226	460.4
331.92	1,383	102.208	460.521
332.16	1,384	102.19	460.498
332.4	1,385	102.203	460.487
332.64	1,386	102.212	460.48
332.88	1,387	102.217	460.476
333.12	1,388	102.223	460.472
333.36	1,389	102.225	460.471
333.6	1,390	102.228	460.47
333.84	1,391	102.228	460.47
334.08	1,392	102.228	460.47
334.32	1,393	102.228	460.47
334.56	1,394	102.228	460.47
334.8	1,395	102.033	460.485
335.04	1,396	102.089	460.481
335.28	1,397	102.123	460.475
335.52	1,398	102.152	460.469
335.76	1,399	102.162	460.466
336	1,400	102.171	460.464
336.24	1,401	102.171	460.464
336.48	1,402	102.195	460.464
336.72	1,403	102.195	460.464
336.96	1,404	102.421	460.506
337.2	1,405	102.197	460.468
337.44	1,406	102.217	460.467
337.68	1,407	102.215	460.466
337.92	1,408	102.215	460.466
338.16	1,409	102.215	460.466
338.4	1,410	102.166	460.466
338.64	1,411	102.166	460.466
338.88	1,412	102.166	460.466
339.12	1,413	102.166	460.466
339.36	1,414	102.166	460.466
339.6	1,415	102.166	460.466
339.84	1,416	102.195	460.466
340.08	1,417	102.48	460.592
340.32	1,418	102.264	460.481
340.56	1,419	102.323	460.603
340.8	1,420	102.315	460.559
341.04	1,421	102.312	460.53
341.28	1,422	102.307	460.511
341.52	1,423	102.308	460.495
341.76	1,424	102.306	460.488
342	1,425	102.307	460.483
342.24	1,426	102.308	460.48
342.48	1,427	102.308	460.477
342.72	1,428	102.308	460.474
342.96	1,429	102.307	460.472
343.2	1,430	102.307	460.472
343.44	1,431	102.307	460.472
343.68	1,432	102.288	460.47
343.92	1,433	102.321	460.222
344.16	1,434	102.317	460.28
344.4	1,435	102.314	460.316
344.64	1,436	102.313	460.34
344.88	1,437	102.307	460.362
345.12	1,438	102.306	460.381
345.36	1,439	102.307	460.385
345.6	1,440	102.281	460.767
345.84	1,441	102.408	460.587
346.08	1,442	102.37	460.574
346.32	1,443	103.307	460.981
346.56	1,444	103.312	461.188
346.8	1,445	103.304	461.27
347.04	1,446	103.3	461.316
347.28	1,447	103.294	461.354
347.52	1,448	103.291	461.373
347.76	1,449	103.283	461.375
348	1,450	103.276	461.374
348.24	1,451	103.272	461.377
348.48	1,452	103.269	461.379
348.72	1,453	103.269	461.379
348.96	1,454	103.269	461.379
349.2	1,455	103.269	461.379
349.44	1,456	103.269	461.379
349.68	1,457	103.269	461.379
349.92	1,458	103.269	461.379
350.16	1,459	102.99	461.416
350.4	1,460	103.347	461.351
350.64	1,461	103.269	461.348
350.88	1,462	104.423	459.793
351.12	1,463	102.88	461.246
351.36	1,464	102.958	461.397
351.6	1,465	103.333	461.389
351.84	1,466	102.555	461.597
352.08	1,467	102.39	461.575
352.32	1,468	102.4	461.536
352.56	1,469	102.391	461.514
352.8	1,470	102.381	461.498
353.04	1,471	102.374	461.487
353.28	1,472	102.376	461.48
353.52	1,473	102.344	461.141
353.76	1,474	102.304	461.553
354	1,475	102.318	461.512
354.24	1,476	102.489	460.764
354.48	1,477	101.861	461.094
354.72	1,478	101.392	462.266
354.96	1,479	101.817	461.985
355.2	1,480	101.999	462.158
355.44	1,481	102.333	462.172
355.68	1,482	102.647	461.857
355.92	1,483	102.107	461.577
356.16	1,484	102.283	461.668
356.4	1,485	102.144	462.051
356.64	1,486	101.506	462.204
356.88	1,487	101.425	462.28
357.12	1,488	101.495	462.327
357.36	1,489	101.326	462.371
357.6	1,490	101.349	462.388
357.84	1,491	101.215	461.981
358.08	1,492	101.09	462.548
358.32	1,493	101.103	462.631
358.56	1,494	101.305	462.887
358.8	1,495	101.306	462.71
359.04	1,496	101.315	462.624
359.28	1,497	101.323	462.57
359.52	1,498	101.372	462.41
359.76	1,499	101.36	462.421
360	1,500	104.165	460.279
360.24	1,501	103.782	460.604
360.48	1,502	102.922	460.597
360.72	1,503	103.254	460.404
360.96	1,504	104.138	460.541
361.2	1,505	104.187	460.51
361.44	1,506	104.051	460.349
361.68	1,507	104.401	460.446
361.92	1,508	104.357	460.44
362.16	1,509	104.169	460.404
362.4	1,510	104.038	460.394
362.64	1,511	104.116	460.4
362.88	1,512	104.209	460.416
363.12	1,513	104.414	460.605
363.36	1,514	104.348	460.542
363.6	1,515	104.562	460.595
363.84	1,516	104.521	460.562
364.08	1,517	104.596	460.572
364.32	1,518	104.377	460.52
364.56	1,519	104.36	460.499
364.8	1,520	104.334	460.485
365.04	1,521	104.32	460.481
365.28	1,522	104.318	460.479
365.52	1,523	104.318	460.479
365.76	1,524	104.318	460.479
366	1,525	104.383	460.505
366.24	1,526	104.368	460.499
366.48	1,527	104.361	460.494
366.72	1,528	104.355	460.49
366.96	1,529	104.251	460.484
367.2	1,530	104.272	460.484
367.44	1,531	104.278	460.483
367.68	1,532	104.286	460.481
367.92	1,533	104.053	460.435
368.16	1,534	104.126	460.445
368.4	1,535	104.004	460.688
368.64	1,536	104.087	460.614
368.88	1,537	104.151	460.573
369.12	1,538	104.115	460.547
369.36	1,539	104.143	460.517
369.6	1,540	104.17	460.497
369.84	1,541	104.182	460.484
370.08	1,542	103.539	461.504
370.32	1,543	103.948	461.338
370.56	1,544	103.752	461.764
370.8	1,545	103.726	461.412
371.04	1,546	103.521	461.708
371.28	1,547	103.432	461.6
371.52	1,548	103.36	461.356
371.76	1,549	103.339	461.378
372	1,550	103.319	461.387
372.24	1,551	103.32	461.393
372.48	1,552	103.315	461.398
372.72	1,553	103.545	461.434
372.96	1,554	103.552	461.203
373.2	1,555	103.499	461.273
373.44	1,556	103.454	461.314
373.68	1,557	103.417	461.343
373.92	1,558	103.258	461.379
374.16	1,559	103.277	461.394
374.4	1,560	103.285	461.4
374.64	1,561	103.293	461.404
374.88	1,562	103.176	461.437
375.12	1,563	103.222	461.434
375.36	1,564	103.38	461.428
375.6	1,565	103.372	461.428
375.84	1,566	103.372	461.43
376.08	1,567	103.374	461.432
376.32	1,568	103.372	461.432
376.56	1,569	103.193	461.404
376.8	1,570	102.852	461.633
377.04	1,571	102.961	461.569
377.28	1,572	103.023	461.54
377.52	1,573	103.115	461.381
377.76	1,574	103.379	461.434
378	1,575	103.49	461.394
378.24	1,576	103.445	461.404
378.48	1,577	103.432	461.408
378.72	1,578	103.425	461.41
378.96	1,579	103.42	461.411
379.2	1,580	103.42	461.412
379.44	1,581	103.42	461.412
379.68	1,582	103.42	461.412
379.92	1,583	103.184	461.375
380.16	1,584	103.464	461.411
380.4	1,585	103.371	461.403
380.64	1,586	103.358	461.403
380.88	1,587	103.125	461.411
381.12	1,588	103.16	461.408
381.36	1,589	103.177	461.407
381.6	1,590	103.194	461.406
381.84	1,591	103.207	461.405
382.08	1,592	103.217	461.403
382.32	1,593	103.219	461.403
382.56	1,594	103.219	461.403
382.8	1,595	103.22	461.403
383.04	1,596	103.22	461.403
383.28	1,597	102.981	461.407
383.52	1,598	103.234	461.405
383.76	1,599	103.224	461.401
384	1,600	103.19	461.361
384.24	1,601	103.206	461.37
384.48	1,602	103.22	461.376
384.72	1,603	103.232	461.381
384.96	1,604	103.243	461.387
385.2	1,605	103.253	461.392
385.44	1,606	103.253	461.392
385.68	1,607	103.253	461.392
385.92	1,608	103.253	461.392
386.16	1,609	103.253	461.392
386.4	1,610	103.249	461.392
386.64	1,611	103.015	461.397
386.88	1,612	100.775	460.226
387.12	1,613	98.633	459.102
387.36	1,614	97.019	458.773
387.6	1,615	99.89	459.625
387.84	1,616	100.684	459.228
388.08	1,617	102.271	460.816
388.32	1,618	101.874	460.816
388.56	1,619	103.117	459.926
388.8	1,620	103.165	460.507
389.04	1,621	103.145	460.514
389.28	1,622	103.305	460.427
389.52	1,623	103.447	460.551
389.76	1,624	103.307	460.442
390	1,625	102.311	461.624
390.24	1,626	102.129	461.56
390.48	1,627	102.204	461.52
390.72	1,628	102.236	461.488
390.96	1,629	102.254	461.467
391.2	1,630	102.587	461.855
391.44	1,631	102.448	461.69
391.68	1,632	102.388	461.613
391.92	1,633	102.368	461.542
392.16	1,634	102.34	461.514
392.4	1,635	102.327	461.492
392.64	1,636	102.318	461.478
392.88	1,637	102.31	461.47
393.12	1,638	102.304	461.467
393.36	1,639	102.634	461.421
393.6	1,640	102.529	461.431
393.84	1,641	102.472	461.435
394.08	1,642	102.428	461.439
394.32	1,643	102.398	461.442
394.56	1,644	102.375	461.445
394.8	1,645	102.179	461.463
395.04	1,646	102.213	461.459
395.28	1,647	102.225	461.456
395.52	1,648	102.237	461.453
395.76	1,649	102.248	461.45
396	1,650	102.255	461.448
396.24	1,651	102.255	461.448
396.48	1,652	102.255	461.448
396.72	1,653	102.255	461.448
396.96	1,654	102.255	461.448
397.2	1,655	102.255	461.448
397.44	1,656	102.255	461.448
397.68	1,657	102.486	461.394
397.92	1,658	102.242	461.422
398.16	1,659	102.261	461.422
398.4	1,660	102.266	461.422
398.64	1,661	102.266	461.423
398.88	1,662	102.393	461.466
399.12	1,663	102.374	461.464
399.36	1,664	102.356	461.46
399.6	1,665	102.264	461.427
399.84	1,666	102.327	461.211
400.08	1,667	101.349	461.591
400.32	1,668	102.08	461.451
400.56	1,669	101.305	461.405
400.8	1,670	101.546	462.37
401.04	1,671	101.87	462.477
401.28	1,672	102.011	462.458
401.52	1,673	102.099	462.454
401.76	1,674	101.794	462.446
402	1,675	101.968	462.154
402.24	1,676	101.805	462.202
402.48	1,677	101.877	462.493
402.72	1,678	102.343	461.607
402.96	1,679	101.593	462.158
403.2	1,680	102.01	462.419
403.44	1,681	102.084	462.415
403.68	1,682	102.099	462.416
403.92	1,683	102.108	462.421
404.16	1,684	102.116	462.424
404.4	1,685	102.122	462.425
404.64	1,686	102.121	462.425
404.88	1,687	102.121	462.425
405.12	1,688	102.121	462.425
405.36	1,689	102.121	462.425
405.6	1,690	102.121	462.425
405.84	1,691	102.121	462.425
406.08	1,692	102.121	462.425
406.32	1,693	102.121	462.425
406.56	1,694	102.121	462.425
406.8	1,695	102.121	462.425
407.04	1,696	102.123	462.425
407.28	1,697	102.036	462.503
407.52	1,698	104.588	461.576
407.76	1,699	103.164	460.618
408	1,700	104.801	460.975
408.24	1,701	103.221	462.538
408.48	1,702	102.933	462.776
408.72	1,703	103.913	462.189
408.96	1,704	102.361	461.65
409.2	1,705	102.34	458.782
409.44	1,706	102.481	461.031
409.68	1,707	102.05	461.632
409.92	1,708	102.324	459.802
410.16	1,709	105.38	460.513
410.4	1,710	106.459	458.774
410.64	1,711	102.579	461.59
410.88	1,712	102.485	461.747
411.12	1,713	102.923	462.951
411.36	1,714	102.37	463.398
411.6	1,715	104.009	461.814
411.84	1,716	104.031	462.132
412.08	1,717	105.147	461.524
412.32	1,718	104.345	461.402
412.56	1,719	106.315	460.447
412.8	1,720	102.75	463.689
413.04	1,721	102.427	463.848
413.28	1,722	102.459	463.733
413.52	1,723	102.505	463.499
413.76	1,724	102.377	462.916
414	1,725	104.315	461.478
414.24	1,726	102.614	462.999
414.48	1,727	102.315	463.507
414.72	1,728	103.203	462.447
414.96	1,729	102.521	462.829
415.2	1,730	102.393	463.303
415.44	1,731	101.255	463.171
415.68	1,732	101.946	463.447
415.92	1,733	101.943	463.476
416.16	1,734	102.453	463.409
416.4	1,735	101.716	463.749
416.64	1,736	101.982	463.567
416.88	1,737	102.28	463.666
417.12	1,738	102.276	463.652
417.36	1,739	102.034	463.43
417.6	1,740	101.986	463.662
417.84	1,741	101.97	463.621
418.08	1,742	101.992	463.611
418.32	1,743	102.001	463.601
418.56	1,744	102.002	463.598
418.8	1,745	102.59	463.361
419.04	1,746	102.122	464.131
419.28	1,747	102.494	464.633
419.52	1,748	101.842	465.186
419.76	1,749	102.326	465.054
420	1,750	100.674	462.883
420.24	1,751	100.483	462.597
420.48	1,752	100.485	462.535
420.72	1,753	100.426	462.512
420.96	1,754	100.601	462.496
421.2	1,755	100.505	462.48
421.44	1,756	100.249	462.685
421.68	1,757	101.403	462.405
421.92	1,758	100.397	463.117
422.16	1,759	102.061	462.914
422.4	1,760	101.183	463.297
422.64	1,761	101.35	463.386
422.88	1,762	101.145	463.428
423.12	1,763	99.845	465.654
423.36	1,764	100.925	464.454
423.6	1,765	100.252	464.638
423.84	1,766	100.921	463.628
424.08	1,767	101.547	463.597
424.32	1,768	101.358	463.539
424.56	1,769	101.395	463.622
424.8	1,770	101.582	463.708
425.04	1,771	102.931	461.93
425.28	1,772	104.234	462.17
425.52	1,773	104.272	459.718
425.76	1,774	103.426	461.857
426	1,775	102.309	462.873
426.24	1,776	102.617	462.412
426.48	1,777	102.071	463.171
426.72	1,778	102.334	463.182
426.96	1,779	102.356	463.759
427.2	1,780	102.33	464.287
427.44	1,781	96.714	463.594
427.68	1,782	97.111	462.8
427.92	1,783	95.524	462.8
428.16	1,784	99.493	465.579
428.4	1,785	102.971	463.351
428.64	1,786	99.493	463.197
428.88	1,787	99.693	461.493
429.12	1,788	105.317	458.25
429.36	1,789	104.266	461.72
429.6	1,790	104.353	461.878
429.84	1,791	103.83	461.907
430.08	1,792	99.746	462.285
430.32	1,793	99.879	462.214
430.56	1,794	99.797	462.346
430.8	1,795	100.155	462.462
431.04	1,796	100.182	462.143
431.28	1,797	100.197	462.03
431.52	1,798	100.336	462.085
431.76	1,799	100.364	462.245
432	1,800	100.368	462.26
432.24	1,801	100.425	462.241
432.48	1,802	100.448	462.244
432.72	1,803	100.54	461.831
432.96	1,804	100.494	462.22
433.2	1,805	100.417	462.24
433.44	1,806	100.329	462.224
433.68	1,807	100.241	462.23
433.92	1,808	100.445	462.216
434.16	1,809	100.451	462.207
434.4	1,810	100.454	462.211
434.64	1,811	100.459	462.206
434.88	1,812	100.472	462.19
435.12	1,813	101.323	462.045
435.36	1,814	101.853	462.236
435.6	1,815	101.716	462.224
435.84	1,816	101.569	462.21
436.08	1,817	101.514	462.214
436.32	1,818	101.494	462.222
436.56	1,819	101.532	462.382
436.8	1,820	101.522	462.248
437.04	1,821	101.558	462.169
437.28	1,822	101.666	461.382
437.52	1,823	101.697	460.774
437.76	1,824	101.608	461.449
438	1,825	101.611	461.363
438.24	1,826	101.667	461.34
438.48	1,827	101.569	461.782
438.72	1,828	101.583	462.127
438.96	1,829	101.314	462.117
439.2	1,830	101.599	462.106
439.44	1,831	102.277	462.255
439.68	1,832	106.034	460.006
439.92	1,833	101.583	462.993
440.16	1,834	101.583	461.439
440.4	1,835	101.459	461.612
440.64	1,836	101.431	461.429
440.88	1,837	101.165	461.875
441.12	1,838	101.041	462.879
441.36	1,839	101.465	463.094
441.6	1,840	101.478	463.126
441.84	1,841	102.629	462.305
442.08	1,842	102.636	462.293
442.32	1,843	103.393	460.9
442.56	1,844	101.732	462.516
442.8	1,845	102.341	462.091
443.04	1,846	101.103	461.542
443.28	1,847	101.955	462.228
443.52	1,848	101.839	462.236
443.76	1,849	101.498	462.304
444	1,850	101.541	462.247
444.24	1,851	101.602	462.091
444.48	1,852	101.584	462.128
444.72	1,853	109.021	459.781
444.96	1,854	102.19	462.402
445.2	1,855	102.79	461.44
445.44	1,856	102.82	462.342
445.68	1,857	102.643	462.322
445.92	1,858	102.6	462.283
446.16	1,859	102.572	462.26
446.4	1,860	102.56	462.244
446.64	1,861	102.55	462.235
446.88	1,862	102.528	462.283
447.12	1,863	102.669	462.336
447.36	1,864	102.422	463.198
447.6	1,865	103.027	462.83
447.84	1,866	109.803	460.511
448.08	1,867	110.158	458.195
448.32	1,868	104.847	461.99
448.56	1,869	104.743	461.948
448.8	1,870	104.713	462.636
449.04	1,871	102.315	464.256
449.28	1,872	102.134	464.313
449.52	1,873	102.428	464.24
449.76	1,874	102.447	464.238
450	1,875	102.069	462.871
450.24	1,876	102.197	462.448
450.48	1,877	102.303	462.372
450.72	1,878	102.336	462.336
450.96	1,879	102.39	462.302
451.2	1,880	102.384	462.715
451.44	1,881	102.395	462.948
451.68	1,882	102.414	463.047
451.92	1,883	102.424	463.111
452.16	1,884	102.432	463.15
452.4	1,885	102.437	463.172
452.64	1,886	102.441	463.176
452.88	1,887	102.441	463.177
453.12	1,888	102.441	463.177
453.36	1,889	102.437	463.183
453.6	1,890	102.5	463.129
453.84	1,891	102.471	463.153
454.08	1,892	102.446	463.18
454.32	1,893	102.414	463.191
454.56	1,894	102.443	463.178
454.8	1,895	102.398	463.194
455.04	1,896	102.394	463.187
455.28	1,897	102.403	463.183
455.52	1,898	101.993	463.172
455.76	1,899	102.169	463.171
456	1,900	102.229	463.18
456.24	1,901	102.532	463.214
456.48	1,902	102.502	463.217
456.72	1,903	102.501	463.217
456.96	1,904	102.5	463.217
457.2	1,905	102.499	463.217
457.44	1,906	102.499	463.217
457.68	1,907	102.499	463.217
457.92	1,908	102.499	463.217
458.16	1,909	102.499	463.217
458.4	1,910	102.499	463.217
458.64	1,911	102.54	463.204
458.88	1,912	102.529	463.207
459.12	1,913	102.528	463.207
459.36	1,914	102.527	463.208
459.6	1,915	102.527	463.208
459.84	1,916	102.526	463.208
460.08	1,917	103.512	462.317
460.32	1,918	103.333	462.803
460.56	1,919	103.387	462.968
460.8	1,920	103.419	463.048
461.04	1,921	103.425	463.091
461.28	1,922	103.442	463.12
461.52	1,923	103.461	463.141
461.76	1,924	103.467	463.148
462	1,925	103.474	463.156
462.24	1,926	103.476	463.158
462.48	1,927	103.421	463.163
462.72	1,928	103.505	463.14
462.96	1,929	103.494	463.144
463.2	1,930	103.492	463.145
463.44	1,931	103.492	463.146
463.68	1,932	103.544	463.171
463.92	1,933	103.535	463.165
464.16	1,934	103.533	463.166
464.4	1,935	103.53	463.168
464.64	1,936	103.529	463.169
464.88	1,937	103.525	463.171
465.12	1,938	103.525	463.171
465.36	1,939	103.514	463.216
465.6	1,940	103.421	462.863
465.84	1,941	103.124	463.001
466.08	1,942	103.242	463.182
466.32	1,943	103.298	463.172
466.56	1,944	103.387	463.167
466.8	1,945	103.399	463.171
467.04	1,946	103.535	463.346
467.28	1,947	103.536	463.214
467.52	1,948	103.485	463.246
467.76	1,949	103.499	463.326
468	1,950	103.597	463.289
468.24	1,951	103.57	463.28
468.48	1,952	103.535	463.271
468.72	1,953	103.536	463.267
468.96	1,954	103.535	463.264
469.2	1,955	103.709	463.1
469.44	1,956	103.609	463.305
469.68	1,957	103.597	463.305
469.92	1,958	103.591	463.285
470.16	1,959	105	463.027
470.4	1,960	105.257	463.131
470.64	1,961	105.65	463.377
470.88	1,962	105.595	463.326
471.12	1,963	105.552	463.223
471.36	1,964	105.318	463.124
471.6	1,965	105.358	463.134
471.84	1,966	105.564	463.319
472.08	1,967	105.538	463.284
472.32	1,968	105.508	463.282
472.56	1,969	105.475	463.27
472.8	1,970	105.411	463.135
473.04	1,971	105.619	463.205
473.28	1,972	105.564	463.203
473.52	1,973	105.54	463.201
473.76	1,974	105.52	463.199
474	1,975	105.506	463.192
474.24	1,976	105.524	463.017
474.48	1,977	105.513	463.074
474.72	1,978	105.42	464.021
474.96	1,979	104.8	463.99
475.2	1,980	105.538	463.603
475.44	1,981	105.31	463.385
475.68	1,982	104.493	463.919
475.92	1,983	104.486	464.022
476.16	1,984	104.498	464.201
476.4	1,985	104.458	464.019
476.64	1,986	104.569	464.082
476.88	1,987	104.506	464.079
477.12	1,988	104.51	464.099
477.36	1,989	104.507	464.105
477.6	1,990	104.506	464.109
477.84	1,991	104.739	464.286
478.08	1,992	104.742	464.37
478.32	1,993	104.707	464.33
478.56	1,994	104.69	464.314
478.8	1,995	104.678	464.302
479.04	1,996	104.67	464.294
479.28	1,997	104.668	464.291
479.52	1,998	104.668	464.291
479.76	1,999	104.668	464.291
480	2,000	105.047	462.946
480.24	2,001	105.092	463.715
480.48	2,002	105.815	463.43
480.72	2,003	105.094	463.878
480.96	2,004	105.053	463.999
481.2	2,005	105.263	464.12
481.44	2,006	105.329	464.147
481.68	2,007	105.467	464.168
481.92	2,008	105.372	464.171
482.16	2,009	105.403	464.176
482.4	2,010	105.466	464.184
482.64	2,011	105.459	464.182
482.88	2,012	105.436	464.067
483.12	2,013	105.554	464.164
483.36	2,014	105.475	464.167
483.6	2,015	105.459	464.165
483.84	2,016	105.455	464.166
484.08	2,017	105.451	464.165
484.32	2,018	105.449	464.166
484.56	2,019	105.456	464.17
484.8	2,020	105.458	464.17
485.04	2,021	105.42	464.049
485.28	2,022	105.702	464.112
485.52	2,023	105.628	464.127
485.76	2,024	105.622	464.201
486	2,025	105.369	464.174
486.24	2,026	103.676	463.556
486.48	2,027	104.848	463.287
486.72	2,028	104.242	463.829
486.96	2,029	104.338	463.996
487.2	2,030	104.375	464.078
487.44	2,031	104.401	464.121
487.68	2,032	104.423	464.147
487.92	2,033	104.432	464.16
488.16	2,034	104.461	464.174
488.4	2,035	104.462	464.178
488.64	2,036	104.464	464.18
488.88	2,037	104.465	464.181
489.12	2,038	104.465	464.182
489.36	2,039	104.432	464.174
489.6	2,040	104.292	464.129
489.84	2,041	104.35	464.144
490.08	2,042	104.285	464.367
490.32	2,043	104.125	463.976
490.56	2,044	104.544	464.376
490.8	2,045	104.544	464.32
491.04	2,046	104.534	464.289
491.28	2,047	104.525	464.267
491.52	2,048	104.758	464.489
491.76	2,049	104.826	464.397
492	2,050	104.741	464.323
492.24	2,051	104.29	464.232
492.48	2,052	104.66	464.249
492.72	2,053	104.602	464.232
492.96	2,054	104.589	464.224
493.2	2,055	104.581	464.218
493.44	2,056	104.578	464.212
493.68	2,057	104.427	464.116
493.92	2,058	104.098	464.196
494.16	2,059	104.417	464.045
494.4	2,060	104.414	464.085
494.64	2,061	104.214	463.825
494.88	2,062	104.256	463.934
495.12	2,063	104.641	464.225
495.36	2,064	105.202	463.412
495.6	2,065	105.284	463.344
495.84	2,066	105.29	463.213
496.08	2,067	105.316	463.915
496.32	2,068	105.586	463.99
496.56	2,069	106.125	463.228
496.8	2,070	106.295	463.247
497.04	2,071	105.322	463.873
497.28	2,072	104.696	464.998
497.52	2,073	104.33	464.976
497.76	2,074	104.379	465.042
498	2,075	104.529	466.093
498.24	2,076	105.045	464.906
498.48	2,077	105.107	464.969
498.72	2,078	105.48	465.362
498.96	2,079	105.469	465.298
499.2	2,080	105.479	465.276
499.44	2,081	105.488	465.265
499.68	2,082	105.443	465.227
499.92	2,083	105.467	465.237
500.16	2,084	106.534	463.997
500.4	2,085	105.054	463.711
500.64	2,086	105.274	464.179
500.88	2,087	105.665	465.254
501.12	2,088	105.619	465.233
501.36	2,089	105.573	465.214
501.6	2,090	105.507	465.073
501.84	2,091	105.498	465.112
502.08	2,092	105.385	465.121
502.32	2,093	105.404	465.135
502.56	2,094	105.414	465.145
502.8	2,095	105.391	464.821
503.04	2,096	106.441	464.595
503.28	2,097	105.699	464.278
503.52	2,098	106.253	463.966
503.76	2,099	105.682	465.325
504	2,100	105.601	465.183
504.24	2,101	105.021	465.017
504.48	2,102	105.042	464.922
504.72	2,103	105.203	465.02
504.96	2,104	105.411	464.942
505.2	2,105	105.823	466.159
505.44	2,106	106.86	461.524
505.68	2,107	106.67	464.301
505.92	2,108	105.789	465.053
506.16	2,109	106.266	464.606
506.4	2,110	106.356	464.306
506.64	2,111	106.412	464.283
506.88	2,112	106.445	464.268
507.12	2,113	106.448	464.255
507.36	2,114	106.465	464.248
507.6	2,115	106.517	464.262
507.84	2,116	106.496	464.165
508.08	2,117	106.503	464.187
508.32	2,118	106.444	464.619
508.56	2,119	107.118	464.487
508.8	2,120	107.243	464.558
509.04	2,121	107.279	464.587
509.28	2,122	106.337	464.278
509.52	2,123	107.417	464.51
509.76	2,124	105.566	465.003
510	2,125	103.419	462.897
510.24	2,126	103.478	463.624
510.48	2,127	102.695	467.16
510.72	2,128	103.229	464.025
510.96	2,129	103.561	463.613
511.2	2,130	103.191	463.597
511.44	2,131	103.574	463.54
511.68	2,132	103.457	465.405
511.92	2,133	104.217	464.978
512.16	2,134	104.22	465.051
512.4	2,135	104.279	465.151
512.64	2,136	103.505	464.306
512.88	2,137	103.674	465.051
513.12	2,138	103.729	465.175
513.36	2,139	103.69	465.192
513.6	2,140	103.654	465.198
513.84	2,141	103.64	465.199
514.08	2,142	103.771	467.465
514.32	2,143	103.75	467.844
514.56	2,144	103.545	466.633
514.8	2,145	103.971	467.471
515.04	2,146	103.78	467.381
515.28	2,147	103.671	467.279
515.52	2,148	103.809	468.933
515.76	2,149	103.953	468.401
516	2,150	103.374	467.915
516.24	2,151	103.448	468.043
516.48	2,152	103.166	467.959
516.72	2,153	103.657	468.041
516.96	2,154	103.603	467.319
517.2	2,155	103.614	467.341
517.44	2,156	103.609	467.321
517.68	2,157	103.608	467.308
517.92	2,158	103.608	467.299
518.16	2,159	103.55	467.976
518.4	2,160	103.344	467.364
518.64	2,161	103.466	467.008
518.88	2,162	103.464	467.208
519.12	2,163	103.523	467.876
519.36	2,164	104.422	467.265
519.6	2,165	104.347	467.943
519.84	2,166	103.182	467.912
520.08	2,167	105.931	463.463
520.32	2,168	106.049	463.243
520.56	2,169	106.318	463.2
520.8	2,170	106.383	463.272
521.04	2,171	106.425	463.257
521.28	2,172	106.528	463.252
521.52	2,173	106.445	463.209
521.76	2,174	106.496	463.224
522	2,175	106.503	463.222
522.24	2,176	106.506	463.219
522.48	2,177	106.522	463.227
522.72	2,178	106.266	463.202
522.96	2,179	106.348	463.209
523.2	2,180	106.378	463.213
523.44	2,181	106.701	463.465
523.68	2,182	106.539	463.337
523.92	2,183	106.545	463.34
524.16	2,184	106.544	463.322
524.4	2,185	106.542	463.306
524.64	2,186	106.577	463.313
524.88	2,187	106.581	463.324
525.12	2,188	106.575	463.318
525.36	2,189	106.44	463.311
525.6	2,190	106.44	463.269
525.84	2,191	106.462	463.271
526.08	2,192	106.538	463.272
526.32	2,193	106.538	463.269
526.56	2,194	106.544	463.268
526.8	2,195	106.544	463.268
527.04	2,196	106.544	463.268
527.28	2,197	106.544	463.268
527.52	2,198	106.544	463.268
527.76	2,199	106.544	463.268
528	2,200	106.544	463.268
528.24	2,201	106.559	463.283
528.48	2,202	106.556	463.28
528.72	2,203	106.556	463.28
528.96	2,204	106.556	463.28
529.2	2,205	106.556	463.28
529.44	2,206	106.556	463.28
529.68	2,207	106.597	463.386
529.92	2,208	106.584	463.358
530.16	2,209	107.877	462.64
530.4	2,210	107.886	462.524
530.64	2,211	107.804	462.556
530.88	2,212	107.325	462.832
531.12	2,213	107.426	463.025
531.36	2,214	107.486	463.1
531.6	2,215	107.477	462.975
531.84	2,216	107.484	463.056
532.08	2,217	107.434	463.057
532.32	2,218	107.611	463.093
532.56	2,219	107.479	463.1
532.8	2,220	107.488	463.111
533.04	2,221	107.488	463.117
533.28	2,222	107.488	463.118
533.52	2,223	107.488	463.119
533.76	2,224	107.488	463.119
534	2,225	107.488	463.119
534.24	2,226	107.488	463.119
534.48	2,227	107.488	463.119
534.72	2,228	107.488	463.119
534.96	2,229	107.488	463.119
535.2	2,230	107.448	463.085
535.44	2,231	107.464	463.092
535.68	2,232	107.468	463.097
535.92	2,233	107.47	463.1
536.16	2,234	107.472	463.104
536.4	2,235	107.474	463.108
536.64	2,236	107.474	463.108
536.88	2,237	107.474	463.108
537.12	2,238	107.546	463.116
537.36	2,239	107.524	463.115
537.6	2,240	107.563	463.117
537.84	2,241	107.543	463.12
538.08	2,242	107.532	463.126
538.32	2,243	107.522	463.132
538.56	2,244	107.516	463.133
538.8	2,245	107.516	463.133
539.04	2,246	107.516	463.133
539.28	2,247	107.554	463.171
539.52	2,248	107.548	463.166
539.76	2,249	107.548	463.166
540	2,250	104.849	463.477
540.24	2,251	104.824	463.535
540.48	2,252	104.686	463.681
540.72	2,253	104.707	463.661
540.96	2,254	104.63	463.564
541.2	2,255	104.602	463.362
541.44	2,256	104.568	463.356
541.68	2,257	104.552	463.35
541.92	2,258	104.495	463.465
542.16	2,259	104.54	463.474
542.4	2,260	104.532	463.444
542.64	2,261	103.684	463.127
542.88	2,262	104.217	463.125
543.12	2,263	103.847	463.29
543.36	2,264	103.792	463.452
543.6	2,265	103.727	463.388
543.84	2,266	103.666	463.352
544.08	2,267	103.612	463.319
544.32	2,268	103.256	462.827
544.56	2,269	103.489	463.211
544.8	2,270	103.513	463.234
545.04	2,271	99.136	466.338
545.28	2,272	100.458	460.866
545.52	2,273	100.758	462.323
545.76	2,274	100.36	462.796
546	2,275	100.345	462.891
546.24	2,276	100.501	463.2
546.48	2,277	100.486	463.194
546.72	2,278	100.421	463.088
546.96	2,279	100.435	463.092
547.2	2,280	100.448	463.104
547.44	2,281	100.456	463.131
547.68	2,282	100.46	463.144
547.92	2,283	100.487	463.157
548.16	2,284	100.181	462.803
548.4	2,285	100.483	463.143
548.64	2,286	100.479	463.153
548.88	2,287	100.478	463.16
549.12	2,288	100.552	463.351
549.36	2,289	100.311	463.073
549.6	2,290	100.468	463.086
549.84	2,291	100.388	463.164
550.08	2,292	100.23	463.098
550.32	2,293	100.596	463.367
550.56	2,294	100.197	462.816
550.8	2,295	100.339	463.086
551.04	2,296	100.386	463.124
551.28	2,297	100.406	463.092
551.52	2,298	100.43	463.126
551.76	2,299	100.444	463.145
552	2,300	100.443	463.162
552.24	2,301	100.46	463.17
552.48	2,302	100.531	463.122
552.72	2,303	100.496	463.146
552.96	2,304	100.492	463.16
553.2	2,305	100.489	463.171
553.44	2,306	100.488	463.177
553.68	2,307	100.485	463.181
553.92	2,308	100.476	463.177
554.16	2,309	100.487	463.162
554.4	2,310	100.476	463.182
554.64	2,311	100.467	463.208
554.88	2,312	100.476	463.222
555.12	2,313	100.481	463.182
555.36	2,314	100.337	463.083
555.6	2,315	100.701	463.233
555.84	2,316	100.424	463.095
556.08	2,317	100.443	463.127
556.32	2,318	100.454	463.146
556.56	2,319	100.437	463.119
556.8	2,320	100.58	463.062
557.04	2,321	100.495	463.075
557.28	2,322	100.503	463.114
557.52	2,323	100.528	463.352
557.76	2,324	100.482	463.397
558	2,325	100.276	463.143
558.24	2,326	100.346	463.158
558.48	2,327	100.391	463.166
558.72	2,328	100.493	463.442
558.96	2,329	100.479	463.354
559.2	2,330	100.438	463.406
559.44	2,331	100.492	463.411
559.68	2,332	100.341	463.339
559.92	2,333	100.469	463.216
560.16	2,334	100.228	463.194
560.4	2,335	100.322	463.197
560.64	2,336	100.381	463.193
560.88	2,337	100.418	463.192
561.12	2,338	100.439	463.192
561.36	2,339	100.454	463.193
561.6	2,340	100.463	463.193
561.84	2,341	100.459	463.216
562.08	2,342	100.458	463.178
562.32	2,343	100.464	463.178
562.56	2,344	100.468	463.178
562.8	2,345	100.482	463.176
563.04	2,346	100.48	463.177
563.28	2,347	100.179	463.161
563.52	2,348	100.468	463.181
563.76	2,349	100.472	463.182
564	2,350	100.472	463.183
564.24	2,351	100.472	463.184
564.48	2,352	100.473	463.184
564.72	2,353	100.474	463.184
564.96	2,354	100.472	463.182
565.2	2,355	100.497	463.183
565.44	2,356	100.472	463.183
565.68	2,357	100.474	463.183
565.92	2,358	100.475	463.183
566.16	2,359	100.476	463.183
566.4	2,360	100.476	463.184
566.64	2,361	100.477	463.184
566.88	2,362	100.477	463.184
567.12	2,363	100.477	463.184
567.36	2,364	100.477	463.184
567.6	2,365	100.477	463.184
567.84	2,366	100.478	463.176
568.08	2,367	100.479	463.18
568.32	2,368	100.51	463.179
568.56	2,369	100.5	463.18
568.8	2,370	100.488	463.181
569.04	2,371	100.485	463.182
569.28	2,372	100.483	463.183
569.52	2,373	100.537	463.181
569.76	2,374	100.494	463.182
570	2,375	100.541	463.083
570.24	2,376	100.974	463.394
570.48	2,377	100.494	463.214
570.72	2,378	100.279	462.956
570.96	2,379	100.426	463.128
571.2	2,380	100.412	463.147
571.44	2,381	100.43	463.145
571.68	2,382	100.44	463.171
571.92	2,383	101.159	463.234
572.16	2,384	101.235	462.648
572.4	2,385	101.314	462.458
572.64	2,386	101.365	462.351
572.88	2,387	101.423	462.274
573.12	2,388	101.438	462.181
573.36	2,389	101.442	462.176
573.6	2,390	101.794	462.365
573.84	2,391	101.424	462.212
574.08	2,392	101.42	462.189
574.32	2,393	101.445	462.196
574.56	2,394	101.453	462.193
574.8	2,395	101.459	462.191
575.04	2,396	101.464	462.189
575.28	2,397	101.467	462.189
575.52	2,398	101.467	462.19
575.76	2,399	101.467	462.19
576	2,400	101.467	462.19
576.24	2,401	101.47	462.191
576.48	2,402	101.462	462.191
576.72	2,403	101.471	462.193
576.96	2,404	101.471	462.194
577.2	2,405	101.471	462.194
577.44	2,406	101.468	462.263
577.68	2,407	101.525	462.077
577.92	2,408	101.468	462.203
578.16	2,409	101.489	462.236
578.4	2,410	101.268	462.767
578.64	2,411	101.519	462.348
578.88	2,412	101.181	462.94
579.12	2,413	101.19	462.267
579.36	2,414	101.325	462.426
579.6	2,415	101.44	462.336
579.84	2,416	101.496	462.324
580.08	2,417	100.76	461.972
580.32	2,418	101.419	462.263
580.56	2,419	101.488	462.359
580.8	2,420	101.506	462.326
581.04	2,421	101.476	462.272
581.28	2,422	101.502	462.249
581.52	2,423	101.499	462.229
581.76	2,424	101.478	462.136
582	2,425	101.542	462.131
582.24	2,426	101.502	462.159
582.48	2,427	101.496	462.166
582.72	2,428	101.534	462.145
582.96	2,429	101.459	462.049
583.2	2,430	101.453	462.157
583.44	2,431	101.399	462.232
583.68	2,432	101.345	462.177
583.92	2,433	101.496	462.147
584.16	2,434	101.435	462.194
584.4	2,435	101.453	462.166
584.64	2,436	101.409	462.13
584.88	2,437	101.461	462.181
585.12	2,438	101.47	462.175
585.36	2,439	101.486	462.162
585.6	2,440	101.457	462.422
585.84	2,441	101.522	462.343
586.08	2,442	101.535	462.262
586.32	2,443	101.509	462.179
586.56	2,444	101.481	462.209
586.8	2,445	101.535	462.177
587.04	2,446	101.52	462.175
587.28	2,447	101.553	462.185
587.52	2,448	101.508	461.987
587.76	2,449	101.511	462.073
588	2,450	101.504	462.048
588.24	2,451	101.488	462.128
588.48	2,452	101.473	462.135
588.72	2,453	101.457	462.144
588.96	2,454	101.473	462.127
589.2	2,455	101.452	462.154
589.44	2,456	101.504	462.169
589.68	2,457	100.597	462.043
589.92	2,458	100.284	461.884
590.16	2,459	98.536	458.167
590.4	2,460	97.986	457.316
590.64	2,461	99.208	462.475
590.88	2,462	97.431	457.419
591.12	2,463	94.92	450.084
591.36	2,464	95.326	449.712
591.6	2,465	95.53	449.752
591.84	2,466	95.365	449.946
592.08	2,467	95.745	450.3
592.32	2,468	94.659	448.518
592.56	2,469	97.426	456.238
592.8	2,470	99.253	462.731
593.04	2,471	99.382	463.06
593.28	2,472	99.192	463.178
593.52	2,473	99.113	463.158
593.76	2,474	99.416	463.15
594	2,475	99.844	463.184
594.24	2,476	99.785	463.324
594.48	2,477	99.563	463.292
594.72	2,478	99.393	463.252
594.96	2,479	99.51	463.179
595.2	2,480	99.582	463.081
595.44	2,481	99.701	463.093
595.68	2,482	99.63	463.26
595.92	2,483	99.461	463.605
596.16	2,484	99.597	463.337
596.4	2,485	99.688	462.981
596.64	2,486	99.704	462.995
596.88	2,487	100.892	463.738
597.12	2,488	104.684	463.265
597.36	2,489	99.653	464.703
597.6	2,490	100.99	464.703
597.84	2,491	101.881	464.703
598.08	2,492	102.547	462.266
598.32	2,493	100.099	466.04
598.56	2,494	99.208	465.149
598.8	2,495	100.545	464.257
599.04	2,496	100.417	464.206
599.28	2,497	100.55	464.036
599.52	2,498	100.517	464.177
599.76	2,499	100.618	464.005
600	2,500	101.866	462.946
600.24	2,501	101.609	462.446
600.48	2,502	101.572	462.408
600.72	2,503	101.343	462.5
600.96	2,504	101.158	462.587
601.2	2,505	101.396	462.317
601.44	2,506	101.235	462.63
601.68	2,507	101.403	462.942
601.92	2,508	100.428	463.582
602.16	2,509	100.233	463.173
602.4	2,510	100.697	463.079
602.64	2,511	102.002	462.897
602.88	2,512	102.419	462.764
603.12	2,513	102.666	461.685
603.36	2,514	102.48	461.462
603.6	2,515	106.145	455.221
603.84	2,516	102.917	462.043
604.08	2,517	102.388	461.965
604.32	2,518	102.433	462.093
604.56	2,519	102.482	462.166
604.8	2,520	102.242	461.557
605.04	2,521	102.186	461.363
605.28	2,522	101.67	461.976
605.52	2,523	101.642	462.024
605.76	2,524	101.554	462.062
606	2,525	101.74	461.906
606.24	2,526	101.714	462.18
606.48	2,527	101.865	461.562
606.72	2,528	101.504	461.556
606.96	2,529	101.616	462.605
607.2	2,530	102.675	462.49
607.44	2,531	102.758	462.15
607.68	2,532	102.833	462.193
607.92	2,533	102.574	462.537
608.16	2,534	102.739	462.804
608.4	2,535	102.882	463.588
608.64	2,536	102.513	462.397
608.88	2,537	102.559	462.916
609.12	2,538	102.599	462.783
609.36	2,539	102.638	462.755
609.6	2,540	102.512	462.497
609.84	2,541	102.533	462.229
610.08	2,542	102.498	461.715
610.32	2,543	101.746	460.801
610.56	2,544	101.32	461.307
610.8	2,545	101.232	462.619
611.04	2,546	101.454	461.636
611.28	2,547	101.975	461.311
611.52	2,548	101.841	462.054
611.76	2,549	101.639	462.478
612	2,550	101.716	462.105
612.24	2,551	102.024	462.391
612.48	2,552	103.675	462.026
612.72	2,553	102.161	465.294
612.96	2,554	102.34	465.893
613.2	2,555	102.38	466.263
613.44	2,556	102.431	465.226
613.68	2,557	102.497	465.26
613.92	2,558	102.484	465.276
614.16	2,559	102.484	465.288
614.4	2,560	103.63	463.835
614.64	2,561	102.625	463.984
614.88	2,562	102.764	464.961
615.12	2,563	102.949	464.032
615.36	2,564	102.811	464.229
615.6	2,565	102.594	465.69
615.84	2,566	102.733	465.07
616.08	2,567	102.55	465.137
616.32	2,568	101.253	465.838
616.56	2,569	98.948	459.354
616.8	2,570	95.474	454.541
617.04	2,571	99.783	456.398
617.28	2,572	101.436	463.366
617.52	2,573	100.99	462.921
617.76	2,574	103.805	460.053
618	2,575	104.038	460.518
618.24	2,576	103.89	460.422
618.48	2,577	103.218	462.03
618.72	2,578	104.297	459.576
618.96	2,579	100.99	462.03
619.2	2,580	103.472	461.088
619.44	2,581	103.346	461.163
619.68	2,582	103.437	461.187
619.92	2,583	103.478	461.209
620.16	2,584	103.018	460.104
620.4	2,585	102.647	459.534
620.64	2,586	103.219	459.47
620.88	2,587	103.752	459.341
621.12	2,588	103.487	460.231
621.36	2,589	103.705	460.648
621.6	2,590	102.852	459.849
621.84	2,591	102.119	460.838
622.08	2,592	102.443	460.939
622.32	2,593	102.226	461.148
622.56	2,594	102.718	461.167
622.8	2,595	102.182	462.366
623.04	2,596	102.313	461.746
623.28	2,597	102.854	460.009
623.52	2,598	102.61	460.557
623.76	2,599	102.76	460.811
624	2,600	102.528	461.145
624.24	2,601	102.955	461.919
624.48	2,602	109.01	469.158
624.72	2,603	106.782	465.594
624.96	2,604	112.268	470.137
625.2	2,605	111.297	470.182
625.44	2,606	108.48	472.983
625.68	2,607	111.317	475.407
625.92	2,608	111.428	475.368
626.16	2,609	111.462	475.325
626.4	2,610	111.77	476.201
626.64	2,611	113.241	475.034
626.88	2,612	112.396	475.633
627.12	2,613	111.698	475.341
627.36	2,614	111.65	475.397
627.6	2,615	112.61	475.231
627.84	2,616	109.455	473.614
628.08	2,617	115.145	477.85
628.32	2,618	116.373	472.823
628.56	2,619	116.702	465.276
628.8	2,620	116.13	464.319
629.04	2,621	116.265	464.705
629.28	2,622	116.136	464.402
629.52	2,623	115.694	464.564
629.76	2,624	116.089	464.471
630	2,625	117.401	463.818
630.24	2,626	117.555	464.161
630.48	2,627	117.249	463.788
630.72	2,628	116.62	462.702
630.96	2,629	116.747	463.703
631.2	2,630	116.67	463.519
631.44	2,631	116.656	463.006
631.68	2,632	116.623	463.417
631.92	2,633	116.42	462.936
632.16	2,634	117.336	464.4
632.4	2,635	116.686	463.376
632.64	2,636	116.623	463.453
632.88	2,637	116.616	463.371
633.12	2,638	116.609	463.422
633.36	2,639	116.608	463.382
633.6	2,640	116.584	463.556
633.84	2,641	116.586	463.515
634.08	2,642	116.588	463.495
634.32	2,643	116.59	463.477
634.56	2,644	116.598	463.427
634.8	2,645	116.548	463.488
635.04	2,646	116.556	463.485
635.28	2,647	116.632	463.408
635.52	2,648	116.62	463.391
635.76	2,649	116.616	463.429
636	2,650	116.616	463.419
636.24	2,651	116.616	463.418
636.48	2,652	116.616	463.416
636.72	2,653	116.564	463.471
636.96	2,654	116.574	463.464
637.2	2,655	116.574	463.464
637.44	2,656	116.574	463.518
637.68	2,657	116.574	463.492
637.92	2,658	116.574	463.478
638.16	2,659	116.549	463.531
638.4	2,660	116.936	469.205
638.64	2,661	116.847	464.799
638.88	2,662	115.824	459.489
639.12	2,663	117.431	462.727
639.36	2,664	116.796	462.662
639.6	2,665	116.976	465.347
639.84	2,666	116.497	467.057
640.08	2,667	116.638	465.209
640.32	2,668	116.57	465.317
640.56	2,669	116.58	465.239
640.8	2,670	116.531	465.227
641.04	2,671	116.555	465.396
641.28	2,672	116.563	465.221
641.52	2,673	116.565	465.218
641.76	2,674	116.566	465.228
642	2,675	116.567	465.248
642.24	2,676	116.567	465.252
642.48	2,677	116.568	465.25
642.72	2,678	116.568	465.252
642.96	2,679	116.568	465.252
643.2	2,680	116.568	465.252
643.44	2,681	116.552	465.46
643.68	2,682	116.558	465.401
643.92	2,683	116.562	465.377
644.16	2,684	116.503	463.46
644.4	2,685	116.533	463.294
644.64	2,686	116.547	463.274
644.88	2,687	116.551	463.23
645.12	2,688	116.559	463.237
645.36	2,689	116.562	463.244
645.6	2,690	116.562	463.245
645.84	2,691	116.561	463.249
646.08	2,692	116.56	463.25
646.32	2,693	116.56	463.251
646.56	2,694	116.562	463.25
646.8	2,695	116.563	463.249
647.04	2,696	116.563	463.249
647.28	2,697	116.539	463.253
647.52	2,698	116.544	463.236
647.76	2,699	116.542	463.252
648	2,700	116.542	463.262
648.24	2,701	116.589	463.242
648.48	2,702	116.543	463.283
648.72	2,703	116.545	463.281
648.96	2,704	116.539	463.321
649.2	2,705	116.539	463.316
649.44	2,706	116.539	463.316
649.68	2,707	116.539	463.316
649.92	2,708	116.539	463.316
650.16	2,709	117.309	464.127
650.4	2,710	117.408	464.256
650.64	2,711	117.465	464.27
650.88	2,712	117.498	464.219
651.12	2,713	117.518	464.242
651.36	2,714	117.53	464.254
651.6	2,715	117.534	464.257
651.84	2,716	117.538	464.259
652.08	2,717	117.539	464.261
652.32	2,718	117.537	464.322
652.56	2,719	117.53	464.33
652.8	2,720	117.53	464.334
653.04	2,721	117.558	463.476
653.28	2,722	117.654	465.006
653.52	2,723	117.625	465.055
653.76	2,724	117.727	464.556
654	2,725	117.712	463.859
654.24	2,726	117.957	464.123
654.48	2,727	117.741	464.539
654.72	2,728	117.834	464.34
654.96	2,729	117.574	464.304
655.2	2,730	117.549	464.342
655.44	2,731	117.611	464.354
655.68	2,732	117.699	464.223
655.92	2,733	117.422	464.129
656.16	2,734	117.399	464.475
656.4	2,735	117.426	464.397
656.64	2,736	117.445	464.361
656.88	2,737	117.46	464.334
657.12	2,738	117.475	464.238
657.36	2,739	117.183	463.561
657.6	2,740	117.248	463.595
657.84	2,741	117.317	464.05
658.08	2,742	117.406	464.261
658.32	2,743	117.391	463.776
658.56	2,744	117.408	463.924
658.8	2,745	117.423	463.987
659.04	2,746	117.435	464.031
659.28	2,747	117.481	464.173
659.52	2,748	117.483	464.227
659.76	2,749	117.48	464.126
660	2,750	117.864	463.904
660.24	2,751	117.742	463.412
660.48	2,752	117.687	463.346
660.72	2,753	117.563	463.331
660.96	2,754	117.662	463.36
661.2	2,755	117.621	463.26
661.44	2,756	117.469	463.479
661.68	2,757	117.575	463.277
661.92	2,758	117.654	463.284
662.16	2,759	117.643	463.228
662.4	2,760	117.836	463.059
662.64	2,761	117.712	464.033
662.88	2,762	117.536	463.788
663.12	2,763	117.542	463.431
663.36	2,764	117.537	463.394
663.6	2,765	117.537	463.394
663.84	2,766	117.537	463.403
664.08	2,767	117.538	463.397
664.32	2,768	117.537	463.394
664.56	2,769	117.537	463.392
664.8	2,770	117.537	463.39
665.04	2,771	117.517	463.373
665.28	2,772	117.521	463.379
665.52	2,773	117.521	463.376
665.76	2,774	117.526	463.399
666	2,775	117.525	463.393
666.24	2,776	117.525	463.392
666.48	2,777	117.524	463.391
666.72	2,778	117.524	463.391
666.96	2,779	117.524	463.39
667.2	2,780	117.5	463.514
667.44	2,781	117.509	463.501
667.68	2,782	117.509	463.469
667.92	2,783	117.512	463.451
668.16	2,784	117.503	463.466
668.4	2,785	117.574	463.23
668.64	2,786	117.562	463.223
668.88	2,787	117.588	462.672
669.12	2,788	118.043	461.892
669.36	2,789	119.678	462.122
669.6	2,790	114.555	457.005
669.84	2,791	111.182	455.065
670.08	2,792	110.984	455.682
670.32	2,793	115.111	458.456
670.56	2,794	115.818	458.449
670.8	2,795	115.129	458.059
671.04	2,796	115.207	458.091
671.28	2,797	115.35	458.18
671.52	2,798	115.407	458.202
671.76	2,799	115.445	458.215
672	2,800	115.461	458.22
672.24	2,801	115.48	458.233
672.48	2,802	115.46	458.217
672.72	2,803	115.083	458.263
672.96	2,804	115.214	458.256
673.2	2,805	115.284	458.254
673.44	2,806	115.336	458.252
673.68	2,807	115.376	458.249
673.92	2,808	115.407	458.248
674.16	2,809	115.421	456.982
674.4	2,810	116.921	457.307
674.64	2,811	119.294	457.322
674.88	2,812	118.88	456.784
675.12	2,813	116.433	457.691
675.36	2,814	116.271	458.217
675.6	2,815	116.275	458.196
675.84	2,816	116.291	457.807
676.08	2,817	116.425	458.001
676.32	2,818	116.118	458.364
676.56	2,819	116.268	458.323
676.8	2,820	116.334	458.309
677.04	2,821	116.376	458.299
677.28	2,822	116.394	458.292
677.52	2,823	116.407	458.261
677.76	2,824	116.413	458.269
678	2,825	116.419	458.262
678.24	2,826	116.54	457.724
678.48	2,827	116.849	457.976
678.72	2,828	116.73	458.115
678.96	2,829	116.658	458.118
679.2	2,830	116.628	458.145
679.44	2,831	116.614	458.165
679.68	2,832	116.571	458.155
679.92	2,833	116.583	458.162
680.16	2,834	117.164	458.085
680.4	2,835	117.273	457.611
680.64	2,836	117.386	457.495
680.88	2,837	117.452	457.431
681.12	2,838	117.48	457.387
681.36	2,839	117.504	457.9
681.6	2,840	117.515	458.039
681.84	2,841	117.523	458.103
682.08	2,842	117.526	458.151
682.32	2,843	116.811	458.087
682.56	2,844	116.51	457.17
682.8	2,845	116.474	459.079
683.04	2,846	116.482	459.148
683.28	2,847	116.505	459.138
683.52	2,848	116.587	459.225
683.76	2,849	116.567	459.25
684	2,850	116.551	459.268
684.24	2,851	116.539	459.275
684.48	2,852	116.531	459.281
684.72	2,853	116.528	459.28
684.96	2,854	116.526	459.281
685.2	2,855	116.524	459.281
685.44	2,856	117.003	459.056
685.68	2,857	116.821	459.124
685.92	2,858	116.753	459.158
686.16	2,859	116.703	459.184
686.4	2,860	116.668	459.203
686.64	2,861	116.629	459.235
686.88	2,862	116.625	459.236
687.12	2,863	116.62	459.235
687.36	2,864	116.62	459.236
687.6	2,865	116.62	459.237
687.84	2,866	116.611	459.236
688.08	2,867	116.493	459.497
688.32	2,868	116.624	460.092
688.56	2,869	116.583	460.126
688.8	2,870	116.561	459.903
689.04	2,871	117.317	460.361
689.28	2,872	118.405	456.997
689.52	2,873	113.117	458.325
689.76	2,874	112.033	458.39
690	2,875	111.93	458.05
690.24	2,876	116.209	461.072
690.48	2,877	116.199	461.353
690.72	2,878	116.29	461.327
690.96	2,879	116.474	461.422
691.2	2,880	116.284	461.641
691.44	2,881	116.629	461.749
691.68	2,882	118.212	458.934
691.92	2,883	119.166	458.425
692.16	2,884	118.592	459.596
692.4	2,885	118.476	460.008
692.64	2,886	118.748	460.086
692.88	2,887	118.122	460.236
693.12	2,888	118.236	459.666
693.36	2,889	118.236	459.568
693.6	2,890	118.925	459.19
693.84	2,891	118.533	459.513
694.08	2,892	118.725	459.121
694.32	2,893	118.7	459.187
694.56	2,894	120.504	457.907
694.8	2,895	118.464	461.234
695.04	2,896	120.379	460.37
695.28	2,897	118.78	460.197
695.52	2,898	118.681	460.322
695.76	2,899	120.802	460.589
696	2,900	118.914	464.63
696.24	2,901	117.875	460.734
696.48	2,902	117.852	460.719
696.72	2,903	117.83	460.565
696.96	2,904	118.105	461.2
697.2	2,905	118.356	461.317
697.44	2,906	117.799	462.907
697.68	2,907	119.212	462.188
697.92	2,908	118.841	462.108
698.16	2,909	119.122	461.941
698.4	2,910	119.101	461.5
698.64	2,911	118.844	462.042
698.88	2,912	118.689	461.631
699.12	2,913	118.568	461.464
699.36	2,914	118.555	461.419
699.6	2,915	118.546	461.386
699.84	2,916	118.588	461.389
700.08	2,917	118.193	462.255
700.32	2,918	118.219	462.354
700.56	2,919	118.307	462.343
700.8	2,920	118.367	462.366
701.04	2,921	118.402	462.382
701.28	2,922	118.441	462.397
701.52	2,923	119.778	460.746
701.76	2,924	121.441	465.782
702	2,925	119.236	465.073
702.24	2,926	119.242	465.357
702.48	2,927	119.34	465.32
702.72	2,928	119.393	465.282
702.96	2,929	119.425	465.257
703.2	2,930	119.448	465.233
703.44	2,931	119.457	465.23
703.68	2,932	119.463	465.231
703.92	2,933	119.465	465.228
704.16	2,934	119.465	465.228
704.4	2,935	119.435	465.016
704.64	2,936	119.444	465.096
704.88	2,937	119.454	465.134
705.12	2,938	119.462	465.163
705.36	2,939	119.444	465.284
705.6	2,940	119.456	465.282
705.84	2,941	119.463	465.272
706.08	2,942	119.192	465.241
706.32	2,943	119.342	465.212
706.56	2,944	119.402	465.207
706.8	2,945	119.99	466.636
707.04	2,946	119.75	466.815
707.28	2,947	119.119	466.207
707.52	2,948	119.626	466.125
