person-9
t	step	pixel_{x}	pixel_{y}
54.72	228	907.083	369.911
54.96	229	910.863	373.69
55.2	230	913.383	378.73
55.44	231	918.423	383.77
55.68	232	923.462	386.29
55.92	233	928.502	387.55
56.16	234	938.581	393.849
56.4	235	944.881	396.369
56.64	236	949.921	401.409
56.88	237	958.74	407.708
57.12	238	966.3	410.228
57.36	239	975.119	414.008
57.6	240	981.419	416.528
57.84	241	980.159	421.567
58.08	242	990.238	427.867
58.32	243	997.798	430.387
58.56	244	1,001.577	439.206
58.8	245	1,000.317	441.726
59.04	246	1,004.097	454.325
59.28	247	1,009.137	455.585
59.52	248	1,015.437	466.925
59.76	249	1,019.216	474.484
60	250	1,026.776	482.044
60.24	251	1,040.635	490.863
60.48	252	1,050.714	505.982
60.72	253	1,060.794	516.062
60.96	254	1,079.692	524.881
61.2	255	1,104.891	536.22
61.44	256	1,122.53	541.26
61.68	257	1,141.429	548.819
61.92	258	1,164.107	570.238
62.16	259	1,186.786	586.617
62.4	260	1,205.685	606.776
62.64	261	1,224.583	623.155
62.88	262	1,239.702	644.573
63.12	263	1,258.601	658.433
63.36	264	1,280.02	683.631
63.6	265	1,308.998	707.569
63.84	266	1,337.976	741.587
64.08	267	1,369.474	773.085
64.32	268	1,403.492	815.923
64.56	269	1,448.849	853.72
64.8	270	1,516.885	914.197
65.04	271	1,592.48	960.814
65.28	272	1,683.195	1,007.431
65.52	273	1,787.768	1,055.308
65.76	274	1,912.5	1,094.365
