person-6
t	step	pixel_{x}	pixel_{y}
24.24	101	625.058	469.361
24.48	102	639.345	467.773
24.72	103	644.107	466.186
24.96	104	655.693	466.04
25.2	105	663.713	466.931
25.44	106	672.76	467.219
25.68	107	683.55	468.659
25.92	108	691.657	468.081
26.16	109	703.676	469.385
26.4	110	711.724	470.107
26.64	111	722.616	466.377
26.88	112	732.707	472.356
27.12	113	740.741	470.836
27.36	114	750.861	470.278
27.6	115	760.638	467.264
27.84	116	770.831	467.196
28.08	117	779.61	471.982
28.32	118	789.818	470.075
28.56	119	799.651	468.32
28.8	120	809.672	466.324
29.04	121	819.852	470.723
29.28	122	828.572	469.513
29.52	123	838.824	472.191
29.76	124	848.669	470.293
30	125	858.798	473.96
30.24	126	869.994	472.901
30.48	127	879.794	474.876
30.72	128	891.334	474.765
30.96	129	900.692	477.061
31.2	130	913.584	479.528
31.44	131	922.381	479.962
31.68	132	929.868	484.145
31.92	133	937.699	480.714
32.16	134	942.754	480.448
32.4	135	950.688	485.832
32.64	136	956.395	487.005
32.88	137	961.576	489.009
33.12	138	965.77	493.344
33.36	139	968.54	498.643
33.6	140	971.723	505.064
33.84	141	973.903	507.909
34.08	142	974.479	515.071
34.32	143	975.786	515.31
34.56	144	978.615	515.55
34.8	145	983.769	519.077
35.04	146	987.713	518.95
35.28	147	989.634	529.976
35.52	148	991.852	536.752
35.76	149	995.741	537.283
36	150	1,000.687	538.172
36.24	151	1,004.971	542.273
36.48	152	1,008.764	551.947
36.72	153	1,012.768	552.141
36.96	154	1,016.63	551.615
37.2	155	1,022.403	551.585
37.44	156	1,027.808	553.109
37.68	157	1,032.771	558.969
37.92	158	1,038.67	573.749
38.16	159	1,043.75	574.314
38.4	160	1,053.567	569.448
38.64	161	1,054.699	585.995
38.88	162	1,067.42	577.153
39.12	163	1,071.824	584.487
39.36	164	1,076.304	588.449
39.6	165	1,078.915	614.019
39.84	166	1,086.655	618.791
40.08	167	1,095.723	617.803
40.32	168	1,102.893	633.489
40.56	169	1,111.172	640.389
40.8	170	1,121.733	647.615
41.04	171	1,130.621	651.535
41.28	172	1,140.521	662.881
41.52	173	1,149.522	652.627
41.76	174	1,160.04	648.993
42	175	1,166.975	649.284
42.24	176	1,177.775	670.505
42.48	177	1,185.747	679.193
42.72	178	1,192.69	688.883
42.96	179	1,201.683	696.656
43.2	180	1,205.835	718.6
43.44	181	1,212.721	731.158
43.68	182	1,220.845	747.896
43.92	183	1,229.689	753.503
44.16	184	1,241.702	761.332
44.4	185	1,250.651	778.91
44.64	186	1,260.708	795.902
44.88	187	1,273.627	805.062
45.12	188	1,288.696	826.6
45.36	189	1,302.712	833.37
45.6	190	1,315.671	854.364
45.84	191	1,329.69	872.46
46.08	192	1,345.7	889.014
46.32	193	1,363.701	901.153
46.56	194	1,378.662	922.506
46.8	195	1,398.681	929.097
47.04	196	1,415.717	951.325
47.28	197	1,437.69	980.866
47.52	198	1,464.14	999.228
47.76	199	1,494.456	1,023.93
48	200	1,516.912	1,037.404
48.24	201	1,551.719	1,054.246
48.48	202	1,586.526	1,075.579
48.72	203	1,620.211	1,082.316
