person-5
t	step	pixel_{x}	pixel_{y}
0	0	994.648	386.92
0.24	1	997.168	388.18
0.48	2	997.168	388.18
0.72	3	997.168	388.18
0.96	4	997.168	388.18
1.2	5	997.168	388.18
1.44	6	997.168	388.18
1.68	7	997.168	388.18
1.92	8	997.168	388.18
2.16	9	997.168	388.18
2.4	10	997.168	388.18
2.64	11	997.168	388.18
2.88	12	997.168	388.18
3.12	13	997.168	388.18
3.36	14	997.168	388.18
3.6	15	997.168	388.18
3.84	16	997.168	388.18
4.08	17	997.168	388.18
4.32	18	997.168	388.18
4.56	19	997.168	388.18
4.8	20	997.168	388.18
5.04	21	997.168	388.18
5.28	22	997.168	388.18
5.52	23	997.168	388.18
5.76	24	997.168	388.18
6	25	997.168	388.18
6.24	26	997.168	388.18
6.48	27	997.168	388.18
6.72	28	997.168	388.18
6.96	29	997.168	388.18
7.2	30	997.168	388.18
7.44	31	997.168	388.18
7.68	32	997.168	388.18
7.92	33	997.168	388.18
8.16	34	995.908	385.66
8.4	35	995.908	385.66
8.64	36	995.908	385.66
8.88	37	995.908	385.66
9.12	38	995.908	385.66
9.36	39	995.908	385.66
9.6	40	995.908	385.66
9.84	41	995.908	385.66
10.08	42	995.908	385.66
10.32	43	995.908	385.66
10.56	44	995.908	385.66
10.8	45	995.908	385.66
11.04	46	995.908	385.66
11.28	47	995.908	385.66
11.52	48	995.908	385.66
11.76	49	995.908	385.66
12	50	995.908	385.66
12.24	51	995.908	385.66
12.48	52	995.908	385.66
12.72	53	995.908	385.66
12.96	54	995.908	385.66
13.2	55	995.908	385.66
13.44	56	995.908	385.66
13.68	57	995.908	385.66
13.92	58	995.908	385.66
14.16	59	995.908	385.66
14.4	60	995.908	385.66
14.64	61	995.908	385.66
14.88	62	995.908	385.66
15.12	63	995.908	385.66
15.36	64	995.908	385.66
15.6	65	995.908	385.66
15.84	66	995.908	385.66
16.08	67	995.908	385.66
16.32	68	995.908	385.66
16.56	69	995.908	385.66
16.8	70	995.908	385.66
17.04	71	995.908	385.66
17.28	72	995.908	385.66
17.52	73	995.908	385.66
17.76	74	995.908	385.66
18	75	995.908	385.66
18.24	76	995.908	385.66
18.48	77	995.908	385.66
18.72	78	995.908	385.66
18.96	79	995.908	385.66
19.2	80	995.908	385.66
19.44	81	995.908	385.66
19.68	82	995.908	385.66
19.92	83	995.908	385.66
20.16	84	995.908	385.66
20.4	85	995.908	385.66
20.64	86	995.908	385.66
20.88	87	995.908	385.66
21.12	88	995.908	385.66
21.36	89	995.908	385.66
21.6	90	995.908	385.66
21.84	91	995.908	385.66
22.08	92	995.908	385.66
22.32	93	995.908	385.66
22.56	94	995.908	385.66
22.8	95	995.908	385.66
23.04	96	995.908	385.66
23.28	97	995.908	385.66
23.52	98	995.908	385.66
23.76	99	995.908	385.66
24	100	995.908	385.66
24.24	101	995.908	385.66
24.48	102	995.908	385.66
24.72	103	995.908	385.66
24.96	104	995.908	385.66
25.2	105	995.908	385.66
25.44	106	995.908	385.66
25.68	107	995.908	385.66
25.92	108	995.908	385.66
26.16	109	995.908	385.66
26.4	110	995.908	385.66
26.64	111	995.908	385.66
26.88	112	995.908	385.66
27.12	113	995.908	385.66
27.36	114	995.908	385.66
27.6	115	995.908	385.66
27.84	116	995.908	385.66
28.08	117	995.908	385.66
28.32	118	995.908	385.66
28.56	119	995.908	385.66
28.8	120	995.908	385.66
29.04	121	995.908	385.66
29.28	122	995.908	385.66
29.52	123	995.908	385.66
29.76	124	995.908	385.66
30	125	995.908	385.66
30.24	126	995.908	385.66
30.48	127	995.908	385.66
30.72	128	995.908	384.4
30.96	129	995.908	384.4
31.2	130	995.925	384.349
31.44	131	995.922	384.378
31.68	132	995.968	384.359
31.92	133	995.963	384.543
32.16	134	995.948	384.505
32.4	135	995.937	384.476
32.64	136	995.949	384.357
32.88	137	995.938	384.373
33.12	138	995.946	384.387
33.36	139	996.083	384.171
33.6	140	995.995	384.296
33.84	141	995.967	384.334
34.08	142	995.925	384.481
34.32	143	995.921	384.458
34.56	144	995.917	384.365
34.8	145	995.916	384.378
35.04	146	995.899	384.373
35.28	147	995.889	384.378
35.52	148	995.909	384.392
35.76	149	995.909	384.395
36	150	995.909	384.397
36.24	151	995.909	384.399
36.48	152	995.909	384.4
36.72	153	995.909	384.401
36.96	154	995.909	384.401
37.2	155	995.902	384.4
37.44	156	995.904	384.401
37.68	157	995.905	384.401
37.92	158	995.913	384.405
38.16	159	995.914	384.419
38.4	160	995.913	384.416
38.64	161	995.912	384.413
38.88	162	995.911	384.412
39.12	163	995.91	384.411
39.36	164	995.91	384.41
39.6	165	995.91	384.409
39.84	166	995.934	384.286
40.08	167	996.005	383.702
40.32	168	995.884	384.378
40.56	169	995.879	384.465
40.8	170	995.887	384.446
41.04	171	995.892	384.434
41.28	172	995.92	384.317
41.52	173	995.896	384.741
41.76	174	996.338	384.135
42	175	996.584	384.676
42.24	176	996.757	385.18
42.48	177	997.548	384.799
42.72	178	998.731	385.491
42.96	179	997.048	385.596
43.2	180	996.963	385.346
43.44	181	996.239	384.207
43.68	182	995.817	384.374
43.92	183	995.851	384.093
44.16	184	995.918	384.151
44.4	185	995.915	384.491
44.64	186	995.872	384.872
44.88	187	995.936	384.667
45.12	188	995.963	384.606
45.36	189	995.944	384.545
45.6	190	995.873	384.557
45.84	191	995.869	384.314
46.08	192	995.883	384.342
46.32	193	996.066	384.183
46.56	194	995.991	384.293
46.8	195	996.038	384.107
47.04	196	996.48	384.459
47.28	197	996.503	384.496
47.52	198	996.716	384.427
47.76	199	996.778	384.383
48	200	996.881	384.411
48.24	201	996.892	384.409
48.48	202	996.899	384.407
48.72	203	996.873	384.421
48.96	204	996.874	384.418
49.2	205	996.895	384.412
49.44	206	996.899	384.409
49.68	207	996.902	384.407
49.92	208	996.926	384.406
50.16	209	997.223	384.164
50.4	210	997.153	384.472
50.64	211	997.4	384.921
50.88	212	997.816	385.759
51.12	213	999.671	387.34
51.36	214	1,002.476	390.373
51.6	215	1,006.018	390.945
51.84	216	1,008.762	392.145
52.08	217	1,010.988	393.702
52.32	218	1,012.91	396.827
52.56	219	1,013.941	398.575
52.8	220	1,014.917	399.605
53.04	221	1,016.889	401.238
53.28	222	1,019.317	405.205
53.52	223	1,021.986	406.355
53.76	224	1,025.8	408.964
54	225	1,028.319	409.245
54.24	226	1,035.3	415.235
54.48	227	1,042.862	422.166
54.72	228	1,047.273	427.207
54.96	229	1,050.423	429.728
55.2	230	1,056.095	434.769
55.44	231	1,059.875	439.18
55.68	232	1,063.026	444.221
55.92	233	1,066.177	449.892
56.16	234	1,070.587	454.303
56.4	235	1,073.738	458.083
56.64	236	1,076.889	458.713
56.88	237	1,084.45	468.165
57.12	238	1,090.121	475.727
57.36	239	1,096.423	480.768
57.6	240	1,107.135	492.74
57.84	241	1,118.477	501.562
58.08	242	1,130.45	512.904
58.32	243	1,138.641	519.836
58.56	244	1,149.353	529.288
58.8	245	1,161.956	538.74
59.04	246	1,168.998	548.134
59.28	247	1,178.9	562.986
59.52	248	1,195.167	579.253
59.76	249	1,211.434	595.521
60	250	1,226.994	613.202
60.24	251	1,244.676	633.713
60.48	252	1,260.943	653.517
60.72	253	1,278.625	676.149
60.96	254	1,294.087	699.471
61.2	255	1,326.159	735.107
61.44	256	1,360.014	774.306
61.68	257	1,397.431	815.288
61.92	258	1,441.976	856.269
62.16	259	1,497.212	897.25
62.4	260	1,579.175	959.613
62.64	261	1,671.828	1,004.158
62.88	262	1,780.518	1,050.485
63.12	263	1,880.298	1,087.903
