person-2
t	step	pixel_{x}	pixel_{y}
0	0	204.677	470.704
0.24	1	204.677	470.704
0.48	2	204.677	470.704
0.72	3	204.677	470.704
0.96	4	207.197	470.704
1.2	5	210.977	470.704
1.44	6	210.977	470.704
1.68	7	208.457	470.704
1.92	8	208.457	470.704
2.16	9	208.457	470.704
2.4	10	208.457	470.704
2.64	11	208.457	470.704
2.88	12	208.457	470.704
3.12	13	208.457	470.704
3.36	14	208.457	470.704
3.6	15	208.457	470.704
3.84	16	208.457	470.704
4.08	17	208.457	470.704
4.32	18	208.457	470.704
4.56	19	208.457	470.704
4.8	20	208.457	470.704
5.04	21	208.457	470.704
5.28	22	208.457	470.704
5.52	23	208.457	470.704
5.76	24	208.457	470.704
6	25	208.457	470.704
6.24	26	208.457	470.704
6.48	27	208.457	470.704
6.72	28	208.457	470.704
6.96	29	208.457	470.704
7.2	30	208.457	470.704
7.44	31	208.457	470.704
7.68	32	208.457	470.704
7.92	33	208.457	470.704
8.16	34	208.457	470.704
8.4	35	208.457	470.704
8.64	36	208.457	470.704
8.88	37	208.457	470.704
9.12	38	208.457	470.704
9.36	39	208.457	470.704
9.6	40	208.457	470.704
9.84	41	208.457	470.704
10.08	42	208.457	470.704
10.32	43	208.457	470.704
10.56	44	208.457	473.224
10.8	45	208.457	470.704
11.04	46	208.457	470.704
11.28	47	208.457	470.704
11.52	48	208.457	470.704
11.76	49	208.457	470.704
12	50	208.457	470.704
12.24	51	208.457	470.704
12.48	52	208.457	470.704
12.72	53	208.457	470.704
12.96	54	208.457	470.704
13.2	55	208.457	470.704
13.44	56	208.457	470.704
13.68	57	208.457	470.704
13.92	58	208.457	470.704
14.16	59	208.457	470.704
14.4	60	207.197	471.964
14.64	61	207.197	471.964
14.88	62	207.197	471.964
15.12	63	207.197	471.964
15.36	64	207.197	471.964
15.6	65	207.197	471.964
15.84	66	207.197	471.964
16.08	67	207.197	471.964
16.32	68	207.197	471.964
