person-8
t	step	pixel_{x}	pixel_{y}
43.92	183	1,017.956	379.99
44.16	184	1,019.216	381.25
44.4	185	1,024.256	383.77
44.64	186	1,029.296	385.03
44.88	187	1,033.075	387.55
45.12	188	1,036.855	388.809
45.36	189	1,038.115	392.589
45.6	190	1,038.115	392.589
45.84	191	1,038.115	392.589
46.08	192	1,040.635	395.109
46.32	193	1,040.635	398.889
46.56	194	1,039.375	398.889
46.8	195	1,036.855	400.149
47.04	196	1,035.595	398.889
47.28	197	1,035.595	398.889
47.52	198	1,035.595	397.629
47.76	199	1,035.595	397.629
48	200	1,035.595	397.629
48.24	201	1,035.595	397.629
48.48	202	1,035.595	397.629
48.72	203	1,035.595	397.629
48.96	204	1,035.595	397.629
49.2	205	1,035.595	397.629
49.44	206	1,035.595	397.629
49.68	207	1,035.595	397.629
49.92	208	1,035.595	398.889
50.16	209	1,026.776	391.329
50.4	210	1,035.595	397.629
50.64	211	1,035.595	397.629
50.88	212	1,039.375	402.669
51.12	213	1,045.675	403.929
51.36	214	1,053.234	408.968
51.6	215	1,051.974	407.708
51.84	216	1,050.714	412.748
52.08	217	1,057.014	416.528
52.32	218	1,060.794	420.308
52.56	219	1,065.833	426.607
52.8	220	1,068.353	430.387
53.04	221	1,074.653	432.907
53.28	222	1,084.732	437.946
53.52	223	1,087.252	439.206
53.76	224	1,091.032	444.246
54	225	1,093.552	448.026
54.24	226	1,098.591	455.585
54.48	227	1,099.851	460.625
54.72	228	1,107.411	468.185
54.96	229	1,112.45	475.744
55.2	230	1,123.79	492.123
55.44	231	1,133.869	505.982
55.68	232	1,136.389	517.321
55.92	233	1,145.208	523.621
56.16	234	1,155.288	543.78
56.4	235	1,169.147	560.159
56.64	236	1,183.006	577.798
56.88	237	1,195.605	600.476
57.12	238	1,220.804	621.895
57.36	239	1,242.222	648.353
57.6	240	1,269.941	679.851
57.84	241	1,300.179	705.05
58.08	242	1,340.496	747.887
58.32	243	1,389.633	793.244
58.56	244	1,451.369	843.641
58.8	245	1,532.004	907.897
59.04	246	1,621.459	974.673
59.28	247	1,728.552	1,025.07
59.52	248	1,878.482	1,084.286
