person-10
t	step	pixel_{x}	pixel_{y}
56.16	234	987.718	373.69
56.4	235	1,004.097	382.51
56.64	236	1,019.216	387.55
56.88	237	1,030.556	397.629
57.12	238	1,049.454	410.228
57.36	239	1,054.494	412.748
57.6	240	1,082.212	421.567
57.84	241	1,096.071	421.567
58.08	242	1,111.191	426.607
58.32	243	1,132.609	432.907
58.56	244	1,161.587	449.286
58.8	245	1,185.526	463.145
59.04	246	1,211.984	470.704
59.28	247	1,239.702	482.044
59.52	248	1,274.98	493.383
59.76	249	1,314.038	509.762
60	250	1,348.056	522.361
60.24	251	1,389.633	534.96
60.48	252	1,434.99	548.819
60.72	253	1,476.568	568.978
60.96	254	1,529.484	582.837
61.2	255	1,596.26	609.296
61.44	256	1,655.476	631.974
61.68	257	1,723.512	654.653
61.92	258	1,799.107	687.411
62.16	259	1,881.002	717.649
62.4	260	1,959.117	739.068
